#  idx_gal   shID  Ngali  Ngalf    Rij(kpc)  size(kpc)  sigm(km/s)  Pmin(ds)    GrNr    x(kpc)    y(kpc)   V_LOS(km/s)
      0        0      3      3     1596.57     205.70  128474.73     0.0230       7   -1121.47   -1201.62 17211000.00
      1        1      0      0        0.00       0.00       0.00    -1.0000      -1   -1073.15     316.67 18192000.00
      2        2      0      0        0.00       0.00       0.00    -1.0000      -1    -973.84     471.43 18511000.00
      3        3      0      0        0.00       0.00       0.00    -1.0000      -1    -938.41     430.58 16922000.00
      4        4      0      0        0.00       0.00       0.00    -1.0000      -1    -909.34     252.41 18119000.00
      5        5      0      0        0.00       0.00       0.00    -1.0000      -1    -892.99     -18.24 19149000.00
      6        6      3      3     1147.41     194.10  150093.42     0.5770      27    -691.80   -1145.09 17835000.00
      7        7      0      0        0.00       0.00       0.00    -1.0000      -1    -589.73    -537.07 16987000.00
      8        8      0      0        0.00       0.00       0.00    -1.0000      -1    -509.12     273.58 17472000.00
      9        9      3      3     1147.41     194.10  150093.42     0.7030      27    -497.73    -765.27 17634000.00
     10       10      0      0        0.00       0.00       0.00    -1.0000      -1    -457.32      47.87 17036000.00
     11       11      0      0        0.00       0.00       0.00    -1.0000      -1    -427.27    -456.59 17050000.00
     12       12      0      0        0.00       0.00       0.00    -1.0000      -1    -425.21      55.74 18078000.00
     13       13      6      6      457.59     202.09  267651.65     0.9670      18    -372.18    -152.57 18616000.00
     14       14      0      0        0.00       0.00       0.00    -1.0000      -1    -351.88     -13.40 18553000.00
     15       15      0      0        0.00       0.00       0.00    -1.0000      -1    -322.51     423.31 16470000.00
     16       16      0      0        0.00       0.00       0.00    -1.0000      -1    -298.96      12.08 17657000.00
     17       17      0      0        0.00       0.00       0.00    -1.0000      -1    -291.15    -624.99 17759000.00
     18       18      0      0        0.00       0.00       0.00    -1.0000      -1    -291.20     -97.35 15544000.00
     19       19      0      0        0.00       0.00       0.00    -1.0000      -1    -211.47     342.40 16454000.00
     20       20      0      0        0.00       0.00       0.00    -1.0000      -1    -180.00    -158.38 18249000.00
     21       21      0      0        0.00       0.00       0.00    -1.0000      -1    -176.17    -137.69 16692000.00
     22       22      0      0        0.00       0.00       0.00    -1.0000      -1    -165.79     693.20 18282000.00
     23       23      0      0        0.00       0.00       0.00    -1.0000      -1    -162.90    -824.32 17060000.00
     24       24      0      0        0.00       0.00       0.00    -1.0000      -1    -151.77    -523.59 16698000.00
     25       25      3      3      102.43     187.43   73087.32     0.5990      14    -147.59     -78.91 17389000.00
     26       26      0      0        0.00       0.00       0.00    -1.0000      -1    -127.54     264.66 18645000.00
     27       27      3      3     1023.31     228.08  110121.37     0.1430      20    -115.01    -909.75 16217000.00
     28       28      0      0        0.00       0.00       0.00    -1.0000      -1     -48.77    -976.40 15779000.00
     29       29      0      0        0.00       0.00       0.00    -1.0000      -1     -23.38     296.27 16726000.00
     30       30      0      0        0.00       0.00       0.00    -1.0000      -1      -1.93       5.49 17397000.00
     31       31      0      0        0.00       0.00       0.00    -1.0000      -1       8.84    -274.21 16864000.00
     32       32      0      0        0.00       0.00       0.00    -1.0000      -1      26.23     955.29 17793000.00
     33       33      0      0        0.00       0.00       0.00    -1.0000      -1      31.94     -36.40 18371000.00
     34       34      0      0        0.00       0.00       0.00    -1.0000      -1      37.57    -793.95 17587000.00
     35       35      0      0        0.00       0.00       0.00    -1.0000      -1     100.14    -308.28 16798000.00
     36       36      0      0        0.00       0.00       0.00    -1.0000      -1     130.81     851.99 16947000.00
     37       37      0      0        0.00       0.00       0.00    -1.0000      -1     130.58     232.88 17824000.00
     38       38      0      0        0.00       0.00       0.00    -1.0000      -1     153.32    -797.49 15492000.00
     39       39     18     18      404.50      58.80  563491.91     0.0480      28     225.10     -87.94 17593000.00
     40       40     18     18      404.50      58.80  563491.91     0.1030      28     306.32    -271.20 17824000.00
     41       41      3      3      551.00     225.00  113410.00     0.0140      24     369.38    -400.34 17342000.00
     42       42     18     18      404.50      58.80  563491.91     0.0500      28     395.28      72.54 17825000.00
     43       43      0      0        0.00       0.00       0.00    -1.0000      -1     410.11     389.67 16851000.00
     44       44      3      3      551.00     225.00  113410.00     0.0300      24     430.03    -348.43 17539000.00
     45       45     18     18      404.50      58.80  563491.91     0.1320      28     432.19    -315.65 17735000.00
     46       46      9      9     1126.79     123.96  453561.43     0.1230       8     445.44     676.14 17361000.00
     47       47      0      0        0.00       0.00       0.00    -1.0000      -1     468.21    -686.19 16481000.00
     48       48      0      0        0.00       0.00       0.00    -1.0000      -1     541.65    -714.93 17498000.00
     49       49     18     18      404.50      58.80  563491.91     0.0610      28     552.92    -169.74 16817000.00
     50       50      0      0        0.00       0.00       0.00    -1.0000      -1     645.52     251.84 16909000.00
     51       51      0      0        0.00       0.00       0.00    -1.0000      -1     661.28    -163.68 17121000.00
     52       52      0      0        0.00       0.00       0.00    -1.0000      -1     663.55    -233.36 18344000.00
     53       53      9      9     1126.79     123.96  453561.43     0.0310       8     700.78     940.99 17198000.00
     54       54      3      3      922.60     236.06  146375.10     0.3380      26     707.91    -466.42 18338000.00
     55       55      9      9     1126.79     123.96  453561.43     0.0080       8     765.35     925.20 16938000.00
     56       56      0      0        0.00       0.00       0.00    -1.0000      -1     766.18    -854.86 17592000.00
     57       57      6      6      871.63     120.03  342831.06     0.0150      15     769.64     -22.94 17102000.00
     58       58      6      6      871.63     120.03  342831.06     0.0180      15     782.64     -31.26 16997000.00
     59       59      3      3     1952.09     263.01  197749.43     0.0350      12    1897.83      27.52 15532247.25
     60       60      0      0        0.00       0.00       0.00    -1.0000      -1    1426.59     401.03 17339995.77
     61       61      0      0        0.00       0.00       0.00    -1.0000      -1    1553.08     480.14 18254362.77
     62       62      9      9     1126.79     123.96  453561.43     0.1060       8     396.64     694.60 16551541.61
     63       63      3      3     2436.50     341.11   73738.40     0.0040      17    2204.88    1054.42 17307018.60
     64       64      0      0        0.00       0.00       0.00    -1.0000      -1    1499.60     529.53 15424321.96
     65       65      0      0        0.00       0.00       0.00    -1.0000      -1    1812.37    1310.45 17468906.53
     66       66      9      9     1126.79     123.96  453561.43     0.4440       8    1058.50    1067.07 17022215.77
     67       67      0      0        0.00       0.00       0.00    -1.0000      -1    1302.47    1777.98 19318625.99
     68       68      0      0        0.00       0.00       0.00    -1.0000      -1    1476.02    2234.99 15424321.96
     69       69      0      0        0.00       0.00       0.00    -1.0000      -1     973.04    1603.19 18128449.94
     70       70      0      0        0.00       0.00       0.00    -1.0000      -1     887.05    1308.28 17322008.22
     71       71      0      0        0.00       0.00       0.00    -1.0000      -1     -41.62     373.40 17858636.72
     72       72      0      0        0.00       0.00       0.00    -1.0000      -1     -42.75     501.31 17037205.39
     73       73      6      6     1533.71     185.69  287281.90     0.0100       5     227.10    1787.54 17525867.09
     74       74      0      0        0.00       0.00       0.00    -1.0000      -1     146.45     834.70 17930586.91
     75       75      6      6     1533.71     185.69  287281.90     0.0050       5     141.86    1553.72 17322008.22
     76       76      0      0        0.00       0.00       0.00    -1.0000      -1     -65.17     591.02 16956261.42
     77       77      0      0        0.00       0.00       0.00    -1.0000      -1    -172.08    1994.82 17525867.09
     78       78      6      6     2410.48     753.33  403118.75     0.0640       9    -415.26    2209.69 18113460.31
     79       79      0      0        0.00       0.00       0.00    -1.0000      -1    -693.00    1264.95 16713429.53
     80       80      0      0        0.00       0.00       0.00    -1.0000      -1    -884.62    1480.82 16848336.14
     81       81      6      6     2410.48     753.33  403118.75     0.0310       9   -1168.59    1948.27 17393958.41
     82       82      6      6     2410.48     753.33  403118.75     0.0140       9   -1376.78    2031.18 17145130.67
     83       83      0      0        0.00       0.00       0.00    -1.0000      -1    -897.86    1158.87 16599508.40
     84       84      3      3     1096.30     111.79   67057.97     0.0040      16    -967.20     541.51 16473595.57
     85       85      0      0        0.00       0.00       0.00    -1.0000      -1    -396.06     599.37 16899300.86
     86       86      0      0        0.00       0.00       0.00    -1.0000      -1   -1440.24     671.68 17133138.97
     87       87      0      0        0.00       0.00       0.00    -1.0000      -1   -1618.96    1069.15 16854331.99
     88       88      3      3     1282.54     107.19   59883.50     0.0020      10    -737.46    1066.02 17010224.07
     89       89      0      0        0.00       0.00       0.00    -1.0000      -1    -658.48     605.76 16668460.66
     90       90      3      3     1096.30     111.79   67057.97     0.8610      16    -977.64     478.35 16596510.47
     91       91      0      0        0.00       0.00       0.00    -1.0000      -1    -941.57     310.90 16443616.32
     92       92      0      0        0.00       0.00       0.00    -1.0000      -1    -254.12    -205.39 19558459.96
     93       93      0      0        0.00       0.00       0.00    -1.0000      -1   -1782.82     113.19 17076178.41
     94       94      0      0        0.00       0.00       0.00    -1.0000      -1   -1163.24     215.51 16578522.93
     95       95      0      0        0.00       0.00       0.00    -1.0000      -1    -530.19    -702.85 15880006.50
     96       96      0      0        0.00       0.00       0.00    -1.0000      -1   -1076.87    -101.77 18713045.23
     97       97      0      0        0.00       0.00       0.00    -1.0000      -1   -1550.70    -132.96 16827350.67
     98       98      3      3     1690.63     133.02   77965.25     0.0860       3   -1605.10    -226.05 17384964.64
     99       99      0      0        0.00       0.00       0.00    -1.0000      -1   -1630.94   -1067.43 17699746.72
    100      100      0      0        0.00       0.00       0.00    -1.0000      -1   -1266.94    -488.89 17232070.49
    101      101      0      0        0.00       0.00       0.00    -1.0000      -1    -641.28    -156.21 18731032.78
    102      102      6      6      457.59     202.09  267651.65     0.2140      18    -480.51    -189.15 17918595.21
    103      103      0      0        0.00       0.00       0.00    -1.0000      -1    -329.55    -707.40 16785379.72
    104      104      3      3     1596.57     205.70  128474.73     0.0230       7   -1201.99   -1114.06 17112153.50
    105      105      0      0        0.00       0.00       0.00    -1.0000      -1   -1519.85   -1395.94 15595203.67
    106      106      0      0        0.00       0.00       0.00    -1.0000      -1   -1588.52   -1885.84 17372972.94
    107      107      0      0        0.00       0.00       0.00    -1.0000      -1   -1786.78   -1994.92 17375970.87
    108      108      0      0        0.00       0.00       0.00    -1.0000      -1   -1149.13   -1546.77 16635483.49
    109      109      0      0        0.00       0.00       0.00    -1.0000      -1    -820.29   -1496.13 16875317.46
    110      110      0      0        0.00       0.00       0.00    -1.0000      -1    -931.01   -1559.29 17178107.84
    111      111      0      0        0.00       0.00       0.00    -1.0000      -1    -169.37    -840.61 15577216.12
    112      112      3      3      502.97      29.98  108050.13     0.0180      25     -59.20    -496.07 17405950.11
    113      113      3      3     1023.31     228.08  110121.37     0.0240      20    -225.56   -1052.69 16014913.11
    114      114     18     18      404.50      58.80  563491.91     0.1430      28     230.40    -285.38 16926282.18
    115      115      0      0        0.00       0.00       0.00    -1.0000      -1     110.25    -879.10 16608502.17
    116      116      0      0        0.00       0.00       0.00    -1.0000      -1    -987.70    -407.24 16554539.53
    117      117     18     18      404.50      58.80  563491.91     0.0340      28     400.11     -83.15 17082174.26
    118      118      0      0        0.00       0.00       0.00    -1.0000      -1     -25.30    -335.85 18455223.71
    119      119      3      3     1882.82     366.09  130435.56     0.0120      23     999.64   -1782.14 17031209.54
    120      120      0      0        0.00       0.00       0.00    -1.0000      -1     939.02    -711.70 18344300.51
    121      121      0      0        0.00       0.00       0.00    -1.0000      -1     961.69   -1044.59 18572142.77
    122      122      0      0        0.00       0.00       0.00    -1.0000      -1    2015.43   -2166.59 15748097.82
    123      123      0      0        0.00       0.00       0.00    -1.0000      -1    1408.76   -1031.32 16776385.95
    124      124     18     18      404.50      58.80  563491.91     0.0920      28     456.42     104.21 16590514.63
    125      125      0      0        0.00       0.00       0.00    -1.0000      -1    1553.75    -585.79 17567838.04
    126      126     18     18      404.50      58.80  563491.91     0.0620      28     413.84     -52.59 17654777.85
    127      127      0      0        0.00       0.00       0.00    -1.0000      -1    1689.55     -59.69 15388346.87
    128      128     18     18      404.50      58.80  563491.91     0.0640      28     241.34       7.48 16614498.02
    129      129     18     18      404.50      58.80  563491.91     0.2130      28     564.34     -32.18 17298024.83
    130      130      3      3     1952.09     263.01  197749.43     0.4630      12    2108.94      48.85 15463294.98
    131      131      0      0        0.00       0.00       0.00    -1.0000      -1    2217.11     -68.79 16899300.86
    132      132      6      6      871.63     120.03  342831.06     0.0080      15    1037.75     255.92 17265047.66
    133      133      6      6      871.63     120.03  342831.06     0.0260      15     917.73     157.65 17007226.14
    134      134      6      6      871.63     120.03  342831.06     0.0300      15     969.70     111.93 17510877.47
    135      135      3      3     1952.09     263.01  197749.43     0.0520      12    1845.98     100.87 15835037.63
    136      136     18     18      404.50      58.80  563491.91     0.0480      28     355.90     -39.61 16335691.04
    137      137      0      0        0.00       0.00       0.00    -1.0000      -1    2121.55     296.41 16710431.61
    138      138      0      0        0.00       0.00       0.00    -1.0000      -1    2159.13     511.54 15814052.16
    139      139      0      0        0.00       0.00       0.00    -1.0000      -1     473.25     234.38 16542547.83
    140      140      0      0        0.00       0.00       0.00    -1.0000      -1    1685.84     569.36 17115151.43
    141      141      0      0        0.00       0.00       0.00    -1.0000      -1    1581.51     424.79 15535245.17
    142      142      3      3     2436.50     341.11   73738.40     0.6900      17    2062.94     902.67 17390960.49
    143      143      9      9     1126.79     123.96  453561.43     0.0430       8     448.11     901.41 17951572.39
    144      144      0      0        0.00       0.00       0.00    -1.0000      -1     551.31     178.19 18392267.30
    145      145      6      6      871.63     120.03  342831.06     0.1830      15     695.80      79.91 17870628.42
    146      146      0      0        0.00       0.00       0.00    -1.0000      -1    1740.90     961.78 15448305.36
    147      147      0      0        0.00       0.00       0.00    -1.0000      -1    2032.76    1543.19 15685141.40
    148      148      0      0        0.00       0.00       0.00    -1.0000      -1     998.13     595.03 17016219.92
    149      149      0      0        0.00       0.00       0.00    -1.0000      -1    1377.91    1442.04 17202091.24
    150      150      9      9     1126.79     123.96  453561.43     0.0020       8     943.36     832.53 17333999.92
    151      151      0      0        0.00       0.00       0.00    -1.0000      -1    1460.74    1201.16 18191406.35
    152      152      0      0        0.00       0.00       0.00    -1.0000      -1    1628.52    1457.82 18236375.22
    153      153      0      0        0.00       0.00       0.00    -1.0000      -1    1670.56    1871.83 18446229.94
    154      154      0      0        0.00       0.00       0.00    -1.0000      -1     896.31     502.27 17591821.44
    155      155      0      0        0.00       0.00       0.00    -1.0000      -1     794.53    1337.26 16866323.69
    156      156      0      0        0.00       0.00       0.00    -1.0000      -1    1534.00    2236.95 15751095.74
    157      157      0      0        0.00       0.00       0.00    -1.0000      -1     976.72    1438.99 19459528.45
    158      158      0      0        0.00       0.00       0.00    -1.0000      -1     592.35    1381.80 17432931.43
    159      159      0      0        0.00       0.00       0.00    -1.0000      -1    1051.24    1794.51 18206395.97
    160      160      0      0        0.00       0.00       0.00    -1.0000      -1     909.46    1755.52 17292028.98
    161      161      6      6     1533.71     185.69  287281.90     0.0050       5     164.02    1367.31 17115151.43
    162      162      6      6     1533.71     185.69  287281.90     0.0230       5     209.78    1345.15 17819663.70
    163      163      0      0        0.00       0.00       0.00    -1.0000      -1    -115.22      66.97 16545545.76
    164      164      0      0        0.00       0.00       0.00    -1.0000      -1     -67.96      29.44 16920286.33
    165      165      0      0        0.00       0.00       0.00    -1.0000      -1     370.05    1150.69 17283035.20
    166      166      0      0        0.00       0.00       0.00    -1.0000      -1     454.63    1247.83 16731417.08
    167      167      3      3      846.16     143.25    7931.76     0.0120      11    -615.19     452.26 16596510.47
    168      168      3      3      102.43     187.43   73087.32     0.3320      14     -26.43     -17.86 17525867.09
    169      169      6      6     1533.71     185.69  287281.90     0.0100       5     302.00    1662.55 17025213.69
    170      170      0      0        0.00       0.00       0.00    -1.0000      -1    -276.91     599.25 18611115.79
    171      171      9      9     1126.79     123.96  453561.43     0.0160       8     809.06     795.21 17840649.18
    172      172      6      6     1533.71     185.69  287281.90     0.0080       5     137.89    1405.14 17339995.77
    173      173      9      9     1126.79     123.96  453561.43     0.0160       8     571.85    1117.46 16863325.76
    174      174      0      0        0.00       0.00       0.00    -1.0000      -1     -61.12    2178.55 17181105.77
    175      175      0      0        0.00       0.00       0.00    -1.0000      -1    -290.31    1780.44 17630794.45
    176      176      3      3     1316.04      79.86   78252.91     0.0110       1    -434.00    1338.09 16905296.71
    177      177      0      0        0.00       0.00       0.00    -1.0000      -1    -342.66    1769.09 16722423.31
    178      178      0      0        0.00       0.00       0.00    -1.0000      -1     439.97     230.37 17876624.27
    179      179      0      0        0.00       0.00       0.00    -1.0000      -1     489.40     276.71 17345991.62
    180      180      0      0        0.00       0.00       0.00    -1.0000      -1     491.57     387.05 18086478.99
    181      181      0      0        0.00       0.00       0.00    -1.0000      -1     233.58     134.02 17930586.91
    182      182     18     18      404.50      58.80  563491.91     0.0770      28     303.42     134.18 17363979.17
    183      183      6      6     2410.48     753.33  403118.75     0.0150       9    -796.33    2198.71 17298024.83
    184      184      0      0        0.00       0.00       0.00    -1.0000      -1    -608.05    1068.86 17322008.22
    185      185      0      0        0.00       0.00       0.00    -1.0000      -1    -696.05    1148.52 16926282.18
    186      186      3      3     1316.04      79.86   78252.91     0.0410       1    -513.24    1121.92 16971251.05
    187      187      0      0        0.00       0.00       0.00    -1.0000      -1    -865.50    1441.67 18206395.97
    188      188      3      3     1097.66     118.94  157925.48     0.0340      19    -624.71     877.91 16965255.20
    189      189      3      3     1282.54     107.19   59883.50     0.0060      10    -701.56    1080.72 16893305.01
    190      190      3      3     1282.54     107.19   59883.50     0.0010      10    -742.18    1021.81 16929280.10
    191      191      0      0        0.00       0.00       0.00    -1.0000      -1   -1421.49    1951.73 17348989.54
    192      192      3      3     1316.04      79.86   78252.91     0.0040       1    -406.12    1242.99 17061188.78
    193      193      3      3     1097.66     118.94  157925.48     0.0470      19    -780.55     885.47 16650473.12
    194      194      0      0        0.00       0.00       0.00    -1.0000      -1    -974.34    1101.09 18089476.92
    195      195      0      0        0.00       0.00       0.00    -1.0000      -1    -789.44     666.63 17208087.09
    196      196      0      0        0.00       0.00       0.00    -1.0000      -1    -814.03     859.92 17010224.07
    197      197      0      0        0.00       0.00       0.00    -1.0000      -1   -1159.95     731.50 18098470.69
    198      198      0      0        0.00       0.00       0.00    -1.0000      -1    -843.71     484.57 16542547.83
    199      199      3      3      846.16     143.25    7931.76     0.0000      11    -704.11     459.06 16581520.85
    200      200      0      0        0.00       0.00       0.00    -1.0000      -1    -999.30     431.63 16485587.27
    201      201      3      3     1096.30     111.79   67057.97     0.0070      16    -964.36     512.41 16488585.19
    202      202      0      0        0.00       0.00       0.00    -1.0000      -1    -451.33    -262.41 19561457.88
    203      203      0      0        0.00       0.00       0.00    -1.0000      -1    -622.83     703.45 18458221.64
    204      204      0      0        0.00       0.00       0.00    -1.0000      -1   -1028.32     776.13 18059497.67
    205      205      0      0        0.00       0.00       0.00    -1.0000      -1   -1342.01     524.77 17286033.13
    206      206      3      3     1097.66     118.94  157925.48     0.7200      19    -662.32     795.46 16785379.72
    207      207      3      3      846.16     143.25    7931.76     0.0030      11    -752.74     553.62 16593512.55
    208      208      0      0        0.00       0.00       0.00    -1.0000      -1    -198.17    -154.46 17795680.31
    209      209      0      0        0.00       0.00       0.00    -1.0000      -1    -622.45     -71.25 18482205.04
    210      210      0      0        0.00       0.00       0.00    -1.0000      -1   -1123.00     186.70 17420939.73
    211      211      0      0        0.00       0.00       0.00    -1.0000      -1    -272.44     -87.91 17846645.02
    212      212      0      0        0.00       0.00       0.00    -1.0000      -1    -452.21      19.59 18248366.92
    213      213      0      0        0.00       0.00       0.00    -1.0000      -1    -660.90     182.24 16332693.11
    214      214      0      0        0.00       0.00       0.00    -1.0000      -1    -832.90     123.79 18587132.40
    215      215      0      0        0.00       0.00       0.00    -1.0000      -1    -155.01     -36.44 15850027.25
    216      216      0      0        0.00       0.00       0.00    -1.0000      -1    -893.18    -320.53 18928895.80
    217      217      0      0        0.00       0.00       0.00    -1.0000      -1   -1099.41     -42.87 18344300.51
    218      218      6      6      457.59     202.09  267651.65     0.9520      18    -370.55    -143.69 18449227.87
    219      219      0      0        0.00       0.00       0.00    -1.0000      -1    -562.17    -445.89 18683065.98
    220      220      0      0        0.00       0.00       0.00    -1.0000      -1   -1176.77    -121.98 17840649.18
    221      221      6      6      457.59     202.09  267651.65     0.0050      18    -479.34    -104.07 18503190.51
    222      222      0      0        0.00       0.00       0.00    -1.0000      -1    -427.49     159.90 16686448.21
    223      223      0      0        0.00       0.00       0.00    -1.0000      -1    -631.09     149.25 16572527.08
    224      224      0      0        0.00       0.00       0.00    -1.0000      -1   -1019.30   -1044.01 17792682.38
    225      225      0      0        0.00       0.00       0.00    -1.0000      -1    -486.73     334.82 17786686.53
    226      226      3      3     1690.63     133.02   77965.25     0.0070       3   -1568.90    -474.66 17229072.56
    227      227      3      3     1273.14      64.65  141961.57     0.0840      21   -1110.64    -473.36 16854331.99
    228      228      3      3     1690.63     133.02   77965.25     0.0040       3   -1726.50    -549.43 17310016.52
    229      229      0      0        0.00       0.00       0.00    -1.0000      -1    -569.31     375.40 16461603.87
    230      230      3      3     1273.14      64.65  141961.57     0.0890      21   -1175.23    -636.14 16743408.78
    231      231      0      0        0.00       0.00       0.00    -1.0000      -1   -1742.95    -972.33 17504881.62
    232      232      0      0        0.00       0.00       0.00    -1.0000      -1   -1020.05    -784.88 17292028.98
    233      233      3      3     1273.14      64.65  141961.57     0.0360      21   -1161.74    -527.18 17025213.69
    234      234      0      0        0.00       0.00       0.00    -1.0000      -1    -873.56    -598.31 17486894.08
    235      235      3      3     1596.57     205.70  128474.73     0.4360       7   -1043.39   -1087.63 17366977.09
    236      236      0      0        0.00       0.00       0.00    -1.0000      -1   -1477.69   -1158.52 17196095.39
    237      237      0      0        0.00       0.00       0.00    -1.0000      -1   -1351.57   -1173.13 17861634.65
    238      238      0      0        0.00       0.00       0.00    -1.0000      -1   -1404.54   -1405.12 17250058.03
    239      239      3      3     1147.41     194.10  150093.42     0.0330      27    -737.46    -935.84 17927588.99
    240      240      0      0        0.00       0.00       0.00    -1.0000      -1   -1346.22   -1512.95 16722423.31
    241      241      0      0        0.00       0.00       0.00    -1.0000      -1    -986.53   -1128.21 16536551.98
    242      242      0      0        0.00       0.00       0.00    -1.0000      -1    -162.15    -216.16 17897609.74
    243      243      0      0        0.00       0.00       0.00    -1.0000      -1   -1064.64   -1692.13 18164425.03
    244      244      0      0        0.00       0.00       0.00    -1.0000      -1    -887.05   -1502.22 17495887.85
    245      245      0      0        0.00       0.00       0.00    -1.0000      -1    -768.69   -1490.91 16323699.34
    246      246      0      0        0.00       0.00       0.00    -1.0000      -1    -243.93    -245.13 17645784.08
    247      247      0      0        0.00       0.00       0.00    -1.0000      -1     -41.75    -733.91 16941271.80
    248      248      3      3      502.97      29.98  108050.13     0.2070      25     -44.92    -566.04 17307018.60
    249      249      3      3      538.93     240.90   96167.51     0.0840      22    -396.81    -447.15 17265047.66
    250      250      0      0        0.00       0.00       0.00    -1.0000      -1    -450.70   -1342.46 17918595.21
    251      251      0      0        0.00       0.00       0.00    -1.0000      -1    -339.74    -866.41 15939964.99
    252      252      0      0        0.00       0.00       0.00    -1.0000      -1    -485.10    -287.76 18284342.01
    253      253      3      3      502.97      29.98  108050.13     0.0360      25     -74.48    -435.16 17190099.54
    254      254      0      0        0.00       0.00       0.00    -1.0000      -1    -424.07    -356.18 16833346.52
    255      255      3      3     1023.31     228.08  110121.37     0.0670      20    -109.13   -1070.81 16191790.66
    256      256      3      3      538.93     240.90   96167.51     0.2500      22    -156.01    -498.08 17426935.58
    257      257      3      3      102.43     187.43   73087.32     0.0020      14     -76.52     -76.26 17501883.70
    258      258      0      0        0.00       0.00       0.00    -1.0000      -1    -244.30    -748.60 16302713.87
    259      259      3      3      538.93     240.90   96167.51     0.0150      22    -263.55    -421.39 17435929.36
    260      260      0      0        0.00       0.00       0.00    -1.0000      -1     733.87    -846.54 17648782.00
    261      261      0      0        0.00       0.00       0.00    -1.0000      -1     662.03    -630.00 18494196.73
    262      262      0      0        0.00       0.00       0.00    -1.0000      -1     604.83    -397.55 17298024.83
    263      263      6      6      457.59     202.09  267651.65     0.1890      18    -418.98    -187.31 18665078.44
    264      264      3      3     1882.82     366.09  130435.56     0.0140      23     344.29   -2074.54 17166116.15
    265      265     18     18      404.50      58.80  563491.91     0.0480      28     194.71    -107.91 17259051.81
    266      266     18     18      404.50      58.80  563491.91     0.1220      28     369.25    -222.17 16080867.45
    267      267      0      0        0.00       0.00       0.00    -1.0000      -1    1085.89    -784.71 18335306.73
    268      268      0      0        0.00       0.00       0.00    -1.0000      -1      95.48    -601.86 16353678.58
    269      269      3      3      551.00     225.00  113410.00     0.0250      24     431.17    -349.17 17537858.79
    270      270      3      3     1882.82     366.09  130435.56     0.4570      23     710.33   -1323.63 17292028.98
    271      271     18     18      404.50      58.80  563491.91     0.0890      28     267.22    -196.58 16908294.63
    272      272      0      0        0.00       0.00       0.00    -1.0000      -1     365.71    -658.14 18790991.27
    273      273      0      0        0.00       0.00       0.00    -1.0000      -1     288.52    -462.34 18569144.85
    274      274      0      0        0.00       0.00       0.00    -1.0000      -1     -66.59    -259.53 16908294.63
    275      275      0      0        0.00       0.00       0.00    -1.0000      -1     815.57    -145.61 17184103.69
    276      276      0      0        0.00       0.00       0.00    -1.0000      -1    1154.81    -931.96 17229072.56
    277      277      0      0        0.00       0.00       0.00    -1.0000      -1    1147.30   -1012.24 17184103.69
    278      278      0      0        0.00       0.00       0.00    -1.0000      -1    1818.84   -1171.54 15853025.18
    279      279     18     18      404.50      58.80  563491.91     0.0570      28     544.84     136.81 17921593.14
    280      280      3      3      922.60     236.06  146375.10     0.3230      26     776.08    -521.50 18611115.79
    281      281      0      0        0.00       0.00       0.00    -1.0000      -1    1270.66    -210.02 17624798.61
    282      282      3      3      922.60     236.06  146375.10     0.0320      26     897.86    -405.11 18383273.52
    283      283      0      0        0.00       0.00       0.00    -1.0000      -1     725.36    -561.58 17633792.38
    284      284      0      0        0.00       0.00       0.00    -1.0000      -1    1382.63    -352.38 16584518.78
    285      285      0      0        0.00       0.00       0.00    -1.0000      -1     625.46    -247.55 17966562.01
    286      286      0      0        0.00       0.00       0.00    -1.0000      -1    2082.31    -875.64 16977246.90
    287      287      3      3     2000.68      66.09   13067.65     0.0000      13    1940.16    -458.46 15679145.55
    288      288      3      3     2000.68      66.09   13067.65     0.0000      13    2006.25    -217.83 15703128.95
    289      289      0      0        0.00       0.00       0.00    -1.0000      -1    2076.59    -185.27 15676147.63
    290      290      0      0        0.00       0.00       0.00    -1.0000      -1     656.68     363.75 17414943.89
    291      291      3      3     2000.68      66.09   13067.65     0.0000      13    1910.44    -558.53 15682143.48
    292      292      0      0        0.00       0.00       0.00    -1.0000      -1     818.87    1514.35 17244062.18
    293      293      0      0        0.00       0.00       0.00    -1.0000      -1      63.08      -4.26 17374115.15
    294      294      0      0        0.00       0.00       0.00    -1.0000      -1     133.51       2.02 17011027.51
    295      295      0      0        0.00       0.00       0.00    -1.0000      -1      -2.92    -122.42 17638861.87
    296      296      0      0        0.00       0.00       0.00    -1.0000      -1   -1369.60   -3811.63 18225765.57
    297      297      0      0        0.00       0.00       0.00    -1.0000      -1    2387.65    1675.07 19244376.40
    298      298      0      0        0.00       0.00       0.00    -1.0000      -1    3077.40    1242.84 17044958.02
    299      299      3      3     3807.59     354.88  289468.23     0.6250      30    3306.92    1212.61 19163252.56
    300      300      3      3     3513.12      65.99  215575.78     0.1570       6    -509.40    3383.37 19392530.83
    301      301      0      0        0.00       0.00       0.00    -1.0000      -1    -674.43    3352.43 18745527.74
    302      302      3      3     3507.08    1006.61  139103.27     0.4110       4   -2541.15   -2713.10 17770290.88
    303      303      3      3     3507.08    1006.61  139103.27     0.0180       4   -1534.54   -2977.47 17883834.28
    304      304      6      6      457.59     202.09  267651.65     0.2230      18    -474.58     -72.08 18394608.68
    305      305      0      0        0.00       0.00       0.00    -1.0000      -1   -1594.91    2847.46 19196406.60
    306      306      3      3     3782.07      97.57   55521.02     0.0100       2    2042.78    3014.81 17357230.84
    307      307      0      0        0.00       0.00       0.00    -1.0000      -1    -552.94    3634.38 18893658.19
    308      308      3      3     3513.12      65.99  215575.78     0.0920       6    -443.90    3587.37 19310654.51
    309      309      0      0        0.00       0.00       0.00    -1.0000      -1   -3466.02   -3571.30 20948945.35
    310      310      0      0        0.00       0.00       0.00    -1.0000      -1     636.52   -3404.77 15268822.61
    311      311      0      0        0.00       0.00       0.00    -1.0000      -1    1746.20   -2350.41 17699434.94
    312      312      0      0        0.00       0.00       0.00    -1.0000      -1   -2851.29     351.66 20422878.54
    313      313      0      0        0.00       0.00       0.00    -1.0000      -1    -988.78     167.93 16842073.48
    314      314      0      0        0.00       0.00       0.00    -1.0000      -1     334.94    -650.39 16887605.95
    315      315      3      3     3807.59     354.88  289468.23     0.5000      30    3661.44    1297.89 18762999.65
    316      316      0      0        0.00       0.00       0.00    -1.0000      -1   -3104.37    2541.76 19901851.24
    317      317      0      0        0.00       0.00       0.00    -1.0000      -1   -3019.66    2663.50 17739984.86
    318      318      0      0        0.00       0.00       0.00    -1.0000      -1   -1253.84   -2995.12 17797739.88
    319      319      0      0        0.00       0.00       0.00    -1.0000      -1   -2778.74     245.05 17892756.10
    320      320      0      0        0.00       0.00       0.00    -1.0000      -1   -1062.17   -1696.08 18024194.11
    321      321      0      0        0.00       0.00       0.00    -1.0000      -1   -2783.04    1892.34 17770512.73
    322      322     18     18      404.50      58.80  563491.91     0.0900      28     307.13    -272.04 17812744.49
    323      323      0      0        0.00       0.00       0.00    -1.0000      -1    1091.15    -150.36 17964469.46
    324      324      0      0        0.00       0.00       0.00    -1.0000      -1     991.83    -597.23 20542900.45
    325      325      0      0        0.00       0.00       0.00    -1.0000      -1    3613.18   -2001.03 20684366.51
    326      326      0      0        0.00       0.00       0.00    -1.0000      -1   -3064.62    3578.34 20325155.19
    327      327      0      0        0.00       0.00       0.00    -1.0000      -1   -2473.86    3562.18 18488116.94
    328      328      0      0        0.00       0.00       0.00    -1.0000      -1   -2115.29    3838.31 18361574.55
    329      329      0      0        0.00       0.00       0.00    -1.0000      -1   -2448.27    3134.43 20688818.43
    330      330      0      0        0.00       0.00       0.00    -1.0000      -1   -1755.72    3155.82 17706096.32
    331      331      0      0        0.00       0.00       0.00    -1.0000      -1   -1426.59    2769.95 17588784.54
    332      332      0      0        0.00       0.00       0.00    -1.0000      -1    -820.29    3084.86 19628830.24
    333      333      0      0        0.00       0.00       0.00    -1.0000      -1    -421.02    2856.62 19378932.24
    334      334      6      6     2410.48     753.33  403118.75     0.3140       9    -356.73    2330.55 18030408.81
    335      335      0      0        0.00       0.00       0.00    -1.0000      -1     792.40    1446.10 17401081.48
    336      336      0      0        0.00       0.00       0.00    -1.0000      -1    1674.90    1119.78 17719173.27
    337      337      3      3     2436.50     341.11   73738.40     0.0090      17    2342.81    1158.70 17243978.24
    338      338      3      3     3782.07      97.57   55521.02     0.0010       2    1950.60    3332.95 17370043.97
    339      339      0      0        0.00       0.00       0.00    -1.0000      -1    2205.05    3058.36 17190102.54
    340      340      3      3     3807.59     354.88  289468.23     0.0470      30    3686.16    1593.53 19325374.32
    341      341      0      0        0.00       0.00       0.00    -1.0000      -1     610.26    2728.62 17190321.39
    342      342      0      0        0.00       0.00       0.00    -1.0000      -1    2921.64    3401.13 17063326.31
    343      343      0      0        0.00       0.00       0.00    -1.0000      -1    2486.88    1706.65 18905934.69
    344      344      0      0        0.00       0.00       0.00    -1.0000      -1    2978.58    1192.56 19162452.11
    345      345      0      0        0.00       0.00       0.00    -1.0000      -1    3469.49    1004.53 17262112.69
    346      346      3      3     3513.12      65.99  215575.78     0.0210       6    -502.14    3466.96 19718186.38
    347      347      0      0        0.00       0.00       0.00    -1.0000      -1    -246.39    3498.03 19367965.84
    348      348      0      0        0.00       0.00       0.00    -1.0000      -1    -835.90    3308.75 19764393.40
    349      349      3      3     3778.72     187.46   75791.84     0.0720       0    -679.10    3537.63 19413111.58
    350      350      0      0        0.00       0.00       0.00    -1.0000      -1     228.48    3489.72 18868922.32
    351      351      0      0        0.00       0.00       0.00    -1.0000      -1   -3468.82   -1072.68 20794666.15
    352      352      0      0        0.00       0.00       0.00    -1.0000      -1   -2697.12    -628.05 17752663.09
    353      353      3      3     4004.02     682.33  236030.99     0.0430      29   -3726.73    1270.05 17165780.38
    354      354      3      3     4004.02     682.33  236030.99     0.9300      29   -3400.73     741.72 17265893.07
    355      355      0      0        0.00       0.00       0.00    -1.0000      -1   -2580.77     822.90 20884921.67
    356      356      0      0        0.00       0.00       0.00    -1.0000      -1   -3078.73   -2148.80 19261134.79
    357      357      3      3     3507.08    1006.61  139103.27     0.0140       4   -2114.79   -2731.25 17607107.85
    358      358      3      3     4004.02     682.33  236030.99     0.7530      29   -4083.05    2106.01 17615355.14
    359      359      0      0        0.00       0.00       0.00    -1.0000      -1   -1498.52    2980.83 18932463.33
    360      360      6      6     2410.48     753.33  403118.75     0.4880       9    -990.54    2611.09 17762886.01
    361      361      0      0        0.00       0.00       0.00    -1.0000      -1    2461.04     315.24 16993192.86
    362      362      0      0        0.00       0.00       0.00    -1.0000      -1    2878.85     913.82 17799637.57
    363      363      3      3     3782.07      97.57   55521.02     0.0080       2    1794.88    3397.76 17268114.53
    364      364      0      0        0.00       0.00       0.00    -1.0000      -1    3788.10    2230.48 19212844.22
    365      365      0      0        0.00       0.00       0.00    -1.0000      -1      49.64    1096.51 17266696.51
    366      366      0      0        0.00       0.00       0.00    -1.0000      -1    1602.80    2620.43 17269832.34
    367      367      0      0        0.00       0.00       0.00    -1.0000      -1    4073.36     594.44 17996871.03
    368      368      0      0        0.00       0.00       0.00    -1.0000      -1   -1762.69    3757.52 19497548.13
    369      369      0      0        0.00       0.00       0.00    -1.0000      -1   -1545.48    3760.78 19727351.04
    370      370      3      3     3778.72     187.46   75791.84     0.0050       0    -865.38    3844.57 19346917.41
    371      371      3      3     3778.72     187.46   75791.84     0.0020       0    -731.12    3722.04 19498111.74
