#  idx_gal   shID  Ngali  Ngalf    Rij(kpc)  size(kpc)  sigm(km/s)  Pmin(ds)    GrNr    x(kpc)    y(kpc)   V_LOS(km/s)
      0        0      0      0        0.00       0.00       0.00    -1.0000      -1   -1027.89     530.11 13400722.87
      1        1      0      0        0.00       0.00       0.00    -1.0000      -1   -1277.33     547.55 14551925.91
      2        2      0      0        0.00       0.00       0.00    -1.0000      -1   -1735.42     369.76 14935660.26
      3        3      0      0        0.00       0.00       0.00    -1.0000      -1   -1648.64     336.45 14384042.13
      4        4      0      0        0.00       0.00       0.00    -1.0000      -1    -480.78     827.92 13724498.73
      5        5      0      0        0.00       0.00       0.00    -1.0000      -1    -444.85     704.82 13997309.86
      6        6      0      0        0.00       0.00       0.00    -1.0000      -1   -1739.48     224.67 15409332.34
      7        7      0      0        0.00       0.00       0.00    -1.0000      -1    -872.79     744.46 13529633.63
      8        8      0      0        0.00       0.00       0.00    -1.0000      -1    -220.38    1039.29 14135214.39
      9        9     12     12     1865.03      75.03  433952.31     0.0950       1   -1763.72     741.07 14728803.46
     10       10      0      0        0.00       0.00       0.00    -1.0000      -1   -1356.37     763.97 13529633.63
     11       11      0      0        0.00       0.00       0.00    -1.0000      -1   -2091.68     549.13 14770774.41
     12       12      0      0        0.00       0.00       0.00    -1.0000      -1   -1627.81     894.14 16266738.77
     13       13      0      0        0.00       0.00       0.00    -1.0000      -1   -1786.41     780.18 15847029.33
     14       14      0      0        0.00       0.00       0.00    -1.0000      -1   -1230.06     742.40 12708202.29
     15       15      0      0        0.00       0.00       0.00    -1.0000      -1    -743.50    1229.90 13496656.46
     16       16      0      0        0.00       0.00       0.00    -1.0000      -1    -670.31    1355.10 16722423.31
     17       17      0      0        0.00       0.00       0.00    -1.0000      -1   -1457.40     596.54 14339073.27
     18       18      0      0        0.00       0.00       0.00    -1.0000      -1    -582.69    1639.18 16608502.17
     19       19      0      0        0.00       0.00       0.00    -1.0000      -1   -1182.36    1129.01 14444000.63
     20       20      0      0        0.00       0.00       0.00    -1.0000      -1   -1603.82    1035.83 15556230.65
     21       21      0      0        0.00       0.00       0.00    -1.0000      -1   -1278.66    1246.08 13985318.17
     22       22      0      0        0.00       0.00       0.00    -1.0000      -1   -1898.89     854.15 15730110.27
     23       23      0      0        0.00       0.00       0.00    -1.0000      -1   -1989.24     943.52 14207164.58
     24       24      0      0        0.00       0.00       0.00    -1.0000      -1   -1241.05    1618.80 14372050.44
     25       25      0      0        0.00       0.00       0.00    -1.0000      -1    -850.48    2264.31 14893689.31
     26       26      0      0        0.00       0.00       0.00    -1.0000      -1   -1681.32    2135.40 15292413.28
     27       27      0      0        0.00       0.00       0.00    -1.0000      -1    -993.82    2123.28 14944654.03
     28       28      0      0        0.00       0.00       0.00    -1.0000      -1   -1729.29     878.87 15460297.06
     29       29      0      0        0.00       0.00       0.00    -1.0000      -1   -1474.14    1929.91 13820432.31
     30       30      0      0        0.00       0.00       0.00    -1.0000      -1   -1718.02    1465.97 15838035.56
     31       31      0      0        0.00       0.00       0.00    -1.0000      -1   -1716.58    2181.31 15349373.85
     32       32      0      0        0.00       0.00       0.00    -1.0000      -1   -1906.91    2256.67 15229456.87
     33       33      0      0        0.00       0.00       0.00    -1.0000      -1   -1826.02    2279.16 15520255.55
     34       34      0      0        0.00       0.00       0.00    -1.0000      -1   -2539.15    1099.25 14219156.28
     35       35      0      0        0.00       0.00       0.00    -1.0000      -1   -2112.51     808.06 15190483.85
     36       36      0      0        0.00       0.00       0.00    -1.0000      -1   -2148.37    2087.14 15037589.69
     37       37      0      0        0.00       0.00       0.00    -1.0000      -1   -2374.84     980.67 15346375.93
     38       38      0      0        0.00       0.00       0.00    -1.0000      -1   -2394.66    2074.85 12705204.37
     39       39      0      0        0.00       0.00       0.00    -1.0000      -1   -2019.19     790.59 14812745.35
     40       40      0      0        0.00       0.00       0.00    -1.0000      -1   -2449.64    1762.27 12549312.29
     41       41      0      0        0.00       0.00       0.00    -1.0000      -1   -2583.52    1221.18 14090245.53
     42       42      0      0        0.00       0.00       0.00    -1.0000      -1   -2551.62    1952.25 15556230.65
     43       43      0      0        0.00       0.00       0.00    -1.0000      -1   -2642.81    1344.84 13232839.10
     44       44      0      0        0.00       0.00       0.00    -1.0000      -1   -2706.30    1763.74 13085940.79
     45       45      0      0        0.00       0.00       0.00    -1.0000      -1   -2519.93    1586.19 14953647.81
     46       46      0      0        0.00       0.00       0.00    -1.0000      -1   -2998.01    2260.88 13118917.96
     47       47      0      0        0.00       0.00       0.00    -1.0000      -1   -2898.24    1761.85 13958336.84
     48       48      0      0        0.00       0.00       0.00    -1.0000      -1   -2631.85    1501.76 15244446.49
     49       49      0      0        0.00       0.00       0.00    -1.0000      -1   -3040.88    1861.55 12828119.28
     50       50      0      0        0.00       0.00       0.00    -1.0000      -1   -3708.91    2463.39 15100546.11
     51       51      0      0        0.00       0.00       0.00    -1.0000      -1   -3530.10    2126.09 15424321.96
     52       52      0      0        0.00       0.00       0.00    -1.0000      -1   -3032.40    1470.45 16143823.86
     53       53      0      0        0.00       0.00       0.00    -1.0000      -1   -3658.30    1975.50 14420017.23
     54       54      0      0        0.00       0.00       0.00    -1.0000      -1   -3075.34    1658.65 13799446.84
     55       55      0      0        0.00       0.00       0.00    -1.0000      -1   -4060.96    2373.46 16986240.67
     56       56      0      0        0.00       0.00       0.00    -1.0000      -1   -4038.86    2209.54 14180183.26
     57       57      0      0        0.00       0.00       0.00    -1.0000      -1   -3343.59    1387.11 14464986.10
     58       58      0      0        0.00       0.00       0.00    -1.0000      -1   -3260.90    1205.78 14761780.63
     59       59      0      0        0.00       0.00       0.00    -1.0000      -1   -3158.40    1164.94 13019986.45
     60       60      0      0        0.00       0.00       0.00    -1.0000      -1   -2589.93     849.59 16455608.02
     61       61      0      0        0.00       0.00       0.00    -1.0000      -1   -4378.62    1564.20 16905296.71
     62       62      0      0        0.00       0.00       0.00    -1.0000      -1   -3010.45     942.29 16434622.55
     63       63      0      0        0.00       0.00       0.00    -1.0000      -1   -3312.21     925.48 15736106.12
     64       64      0      0        0.00       0.00       0.00    -1.0000      -1   -3300.86     983.96 13700515.33
     65       65      0      0        0.00       0.00       0.00    -1.0000      -1   -2578.90     934.90 16104850.84
     66       66      0      0        0.00       0.00       0.00    -1.0000      -1   -3006.73     804.80 14764778.56
     67       67      0      0        0.00       0.00       0.00    -1.0000      -1   -2503.26     260.60 14953647.81
     68       68      0      0        0.00       0.00       0.00    -1.0000      -1   -3052.61     712.46 13838419.86
     69       69      0      0        0.00       0.00       0.00    -1.0000      -1   -2471.04     645.68 16095857.07
     70       70      0      0        0.00       0.00       0.00    -1.0000      -1   -2972.83     463.57 15004612.52
     71       71      0      0        0.00       0.00       0.00    -1.0000      -1   -4317.44     914.55 15259436.11
     72       72      0      0        0.00       0.00       0.00    -1.0000      -1   -3041.51      74.72 14788761.95
     73       73      0      0        0.00       0.00       0.00    -1.0000      -1   -3133.78     541.56 13391729.10
     74       74      0      0        0.00       0.00       0.00    -1.0000      -1   -3289.62     608.20 14417019.31
     75       75      0      0        0.00       0.00       0.00    -1.0000      -1   -3840.83     545.69 14252133.45
     76       76      0      0        0.00       0.00       0.00    -1.0000      -1   -3491.16     470.05 14731801.39
     77       77      0      0        0.00       0.00       0.00    -1.0000      -1   -3509.44     520.03 13010992.68
     78       78      0      0        0.00       0.00       0.00    -1.0000      -1   -3333.11    -103.95 15199477.62
     79       79      0      0        0.00       0.00       0.00    -1.0000      -1   -3032.89      29.72 13775463.45
     80       80      0      0        0.00       0.00       0.00    -1.0000      -1   -3492.98     331.97 16218771.98
     81       81      0      0        0.00       0.00       0.00    -1.0000      -1   -3269.94      88.24 15712122.72
     82       82     12     12     4483.18     566.34  272973.78     0.0000       2   -4404.46      -6.07 13847413.64
     83       83      0      0        0.00       0.00       0.00    -1.0000      -1   -2871.49     224.36 14399031.76
     84       84      0      0        0.00       0.00       0.00    -1.0000      -1   -3677.18     135.72 13823430.24
     85       85      0      0        0.00       0.00       0.00    -1.0000      -1   -2982.81     277.20 15643170.46
     86       86      0      0        0.00       0.00       0.00    -1.0000      -1   -2881.96     279.30 14018295.34
     87       87      0      0        0.00       0.00       0.00    -1.0000      -1   -3196.61      72.13 13907372.13
     88       88      0      0        0.00       0.00       0.00    -1.0000      -1   -4418.37    -420.56 14324083.64
     89       89      0      0        0.00       0.00       0.00    -1.0000      -1   -3207.15    -268.33 15184488.00
     90       90      0      0        0.00       0.00       0.00    -1.0000      -1   -2935.50    -100.83 14491967.42
     91       91      0      0        0.00       0.00       0.00    -1.0000      -1   -2973.46    -200.81 13397724.95
     92       92      0      0        0.00       0.00       0.00    -1.0000      -1   -4087.08    -576.50 15520255.55
     93       93      0      0        0.00       0.00       0.00    -1.0000      -1   -3739.16    -385.72 15826043.86
     94       94      0      0        0.00       0.00       0.00    -1.0000      -1   -3060.00    -109.52 14692828.37
     95       95      0      0        0.00       0.00       0.00    -1.0000      -1   -4223.27    -955.17 15472288.76
     96       96      0      0        0.00       0.00       0.00    -1.0000      -1   -4332.29    -990.22 14815743.27
     97       97      0      0        0.00       0.00       0.00    -1.0000      -1   -4298.99   -1168.47 13913367.98
     98       98      0      0        0.00       0.00       0.00    -1.0000      -1   -3627.52    -817.05 14656853.27
     99       99      0      0        0.00       0.00       0.00    -1.0000      -1   -3352.23    -159.07 14018295.34
    100      100      0      0        0.00       0.00       0.00    -1.0000      -1   -3039.79    -330.28 13619571.37
    101      101      0      0        0.00       0.00       0.00    -1.0000      -1   -3423.78    -140.90 14099239.30
    102      102      0      0        0.00       0.00       0.00    -1.0000      -1   -3274.60    -509.58 13610577.59
    103      103      0      0        0.00       0.00       0.00    -1.0000      -1   -3234.50    -715.36 14234145.91
    104      104      0      0        0.00       0.00       0.00    -1.0000      -1   -2752.95    -249.70 13388731.17
    105      105      0      0        0.00       0.00       0.00    -1.0000      -1   -1969.74    -333.50 15085556.49
    106      106      0      0        0.00       0.00       0.00    -1.0000      -1   -2787.16    -102.38 13763471.75
    107      107      0      0        0.00       0.00       0.00    -1.0000      -1   -3013.95    -685.69 13646552.69
    108      108      9      9     3419.21     136.05  281908.40     0.0170       0   -3189.95   -1151.17 14563917.61
    109      109      0      0        0.00       0.00       0.00    -1.0000      -1   -3148.49   -1307.92 14833730.82
    110      110      0      0        0.00       0.00       0.00    -1.0000      -1   -3050.96   -1283.62 15930971.22
    111      111      0      0        0.00       0.00       0.00    -1.0000      -1   -1951.46     171.58 15697133.10
    112      112      0      0        0.00       0.00       0.00    -1.0000      -1   -2720.83    -545.34 15589207.82
    113      113      0      0        0.00       0.00       0.00    -1.0000      -1   -2557.36    -414.50 15094550.26
    114      114      0      0        0.00       0.00       0.00    -1.0000      -1   -1966.38    -675.40 12531324.74
    115      115      0      0        0.00       0.00       0.00    -1.0000      -1   -2371.73     162.97 13124913.81
    116      116      0      0        0.00       0.00       0.00    -1.0000      -1   -2360.34      51.64 13223845.32
    117      117      0      0        0.00       0.00       0.00    -1.0000      -1   -2460.11    -727.96 13256822.49
    118      118      0      0        0.00       0.00       0.00    -1.0000      -1   -2933.82    -198.22 15259436.11
    119      119      0      0        0.00       0.00       0.00    -1.0000      -1   -1966.17    -426.37 15247444.41
    120      120      0      0        0.00       0.00       0.00    -1.0000      -1   -1692.49    -928.34 15622184.99
    121      121      0      0        0.00       0.00       0.00    -1.0000      -1   -1700.33    -600.28 14288108.55
    122      122      0      0        0.00       0.00       0.00    -1.0000      -1   -2443.52     131.03 13880390.81
    123      123      0      0        0.00       0.00       0.00    -1.0000      -1   -1669.34   -1002.79 12624260.41
    124      124      0      0        0.00       0.00       0.00    -1.0000      -1   -2214.49      17.22 13706511.18
    125      125      0      0        0.00       0.00       0.00    -1.0000      -1   -1777.66    -604.03 14971635.35
    126      126      0      0        0.00       0.00       0.00    -1.0000      -1   -1924.91    -836.49 12549312.29
    127      127      0      0        0.00       0.00       0.00    -1.0000      -1   -1860.27    -827.59 15040587.62
    128      128      0      0        0.00       0.00       0.00    -1.0000      -1   -1871.26    -971.73 14432008.93
    129      129      0      0        0.00       0.00       0.00    -1.0000      -1   -2641.48     204.50 14863710.07
    130      130      0      0        0.00       0.00       0.00    -1.0000      -1   -1610.72    -872.00 14809747.43
    131      131      0      0        0.00       0.00       0.00    -1.0000      -1   -1710.00    -213.25 15874010.65
    132      132      0      0        0.00       0.00       0.00    -1.0000      -1   -2578.66     -54.33 15190483.85
    133      133      0      0        0.00       0.00       0.00    -1.0000      -1   -1812.01     -76.99 13292797.59
    134      134      0      0        0.00       0.00       0.00    -1.0000      -1   -2764.19     -23.48 15310400.83
    135      135      0      0        0.00       0.00       0.00    -1.0000      -1   -1605.33    -722.85 12525328.90
    136      136      0      0        0.00       0.00       0.00    -1.0000      -1   -1507.76   -1039.81 14692828.37
    137      137      0      0        0.00       0.00       0.00    -1.0000      -1   -1305.28   -1265.30 12726189.84
    138      138      0      0        0.00       0.00       0.00    -1.0000      -1   -1416.57    -943.96 15253440.26
    139      139      0      0        0.00       0.00       0.00    -1.0000      -1   -1400.88    -682.79 12987009.28
    140      140     12     12     1515.60     216.52  387242.11     0.0330       3    -934.88   -1358.73 13997309.86
    141      141      0      0        0.00       0.00       0.00    -1.0000      -1   -1117.61    -709.51 15457299.13
    142      142      0      0        0.00       0.00       0.00    -1.0000      -1   -1262.70    -806.44 14515950.82
    143      143     12     12     1515.60     216.52  387242.11     0.0020       3    -727.95   -1155.83 14051272.51
    144      144     12     12     1515.60     216.52  387242.11     0.0190       3    -759.22   -1028.81 13940349.30
    145      145      0      0        0.00       0.00       0.00    -1.0000      -1   -1483.91     -66.52 13949343.07
    146      146      0      0        0.00       0.00       0.00    -1.0000      -1   -1308.82     -93.09 14120224.77
    147      147      0      0        0.00       0.00       0.00    -1.0000      -1    -983.80    -268.79 15781074.99
    148      148      0      0        0.00       0.00       0.00    -1.0000      -1    -895.69    -647.03 14680836.67
    149      149      0      0        0.00       0.00       0.00    -1.0000      -1   -1667.34    -205.93 16212776.13
    150      150      0      0        0.00       0.00       0.00    -1.0000      -1   -1036.75    -121.36 13607579.67
    151      151      0      0        0.00       0.00       0.00    -1.0000      -1    -933.16     -42.98 13829426.09
    152      152      0      0        0.00       0.00       0.00    -1.0000      -1    -658.40      50.27 14809747.43
    153      153      0      0        0.00       0.00       0.00    -1.0000      -1    -941.85     127.46 14387040.06
    154      154      0      0        0.00       0.00       0.00    -1.0000      -1    -907.84     304.87 13706511.18
    155      155      0      0        0.00       0.00       0.00    -1.0000      -1   -2120.08     694.56 13574602.50
    156      156      0      0        0.00       0.00       0.00    -1.0000      -1    -714.92     280.67 15688139.33
    157      157      0      0        0.00       0.00       0.00    -1.0000      -1   -1063.86     255.91 15706126.87
    158      158      0      0        0.00       0.00       0.00    -1.0000      -1   -1752.86     432.20 11991698.32
    159      159      0      0        0.00       0.00       0.00    -1.0000      -1    -754.56     346.78 15382351.02
    160      160      0      0        0.00       0.00       0.00    -1.0000      -1   -1614.40     194.97 15343378.00
    161      161      0      0        0.00       0.00       0.00    -1.0000      -1    -731.80     429.54 15151510.83
    162      162      0      0        0.00       0.00       0.00    -1.0000      -1   -1384.46    1129.54 15058575.17
    163      163      0      0        0.00       0.00       0.00    -1.0000      -1    -827.58     130.08 13973326.47
    164      164      0      0        0.00       0.00       0.00    -1.0000      -1    -821.00     698.69 13430702.12
    165      165      0      0        0.00       0.00       0.00    -1.0000      -1    -667.86     280.42 14665847.05
    166      166      0      0        0.00       0.00       0.00    -1.0000      -1    -402.16     504.02 15295411.21
    167      167      0      0        0.00       0.00       0.00    -1.0000      -1    -422.05     606.77 15163502.53
    168      168      0      0        0.00       0.00       0.00    -1.0000      -1   -1040.57     375.08 15298409.13
    169      169      0      0        0.00       0.00       0.00    -1.0000      -1    -773.65     636.75 15796064.61
    170      170      0      0        0.00       0.00       0.00    -1.0000      -1    -451.51     776.26 14138212.32
    171      171      0      0        0.00       0.00       0.00    -1.0000      -1    -693.77     717.64 15924975.37
    172      172      0      0        0.00       0.00       0.00    -1.0000      -1    -929.80     550.70 15091552.34
    173      173      0      0        0.00       0.00       0.00    -1.0000      -1    -392.81     830.86 13808440.62
    174      174      0      0        0.00       0.00       0.00    -1.0000      -1   -1040.15     754.62 14243139.68
    175      175      0      0        0.00       0.00       0.00    -1.0000      -1    -330.30     903.24 15046583.47
    176      176      0      0        0.00       0.00       0.00    -1.0000      -1    -178.18     973.63 15097548.18
    177      177      0      0        0.00       0.00       0.00    -1.0000      -1   -1003.87     865.07 15127527.43
    178      178      0      0        0.00       0.00       0.00    -1.0000      -1    -870.09     837.55 16143823.86
    179      179      0      0        0.00       0.00       0.00    -1.0000      -1    -419.22    1130.41 16827350.67
    180      180      0      0        0.00       0.00       0.00    -1.0000      -1   -1087.53    1042.20 15505265.93
    181      181      0      0        0.00       0.00       0.00    -1.0000      -1    -989.19     944.57 15079560.64
    182      182      0      0        0.00       0.00       0.00    -1.0000      -1   -1059.48     676.77 15205473.47
    183      183      0      0        0.00       0.00       0.00    -1.0000      -1    -997.42    1016.67 13871397.03
    184      184     12     12     1865.03      75.03  433952.31     0.1980       1   -1728.66     737.60 14467984.02
    185      185      0      0        0.00       0.00       0.00    -1.0000      -1    -225.07    1316.79 16197786.51
    186      186      0      0        0.00       0.00       0.00    -1.0000      -1   -1029.43     794.09 14126220.62
    187      187      0      0        0.00       0.00       0.00    -1.0000      -1    -539.51    1101.91 14938658.18
    188      188      0      0        0.00       0.00       0.00    -1.0000      -1    -969.06    1115.32 14962641.58
    189      189      0      0        0.00       0.00       0.00    -1.0000      -1    -643.76    1169.95 15894996.12
    190      190      0      0        0.00       0.00       0.00    -1.0000      -1    -246.82    1463.66 13844415.71
    191      191      0      0        0.00       0.00       0.00    -1.0000      -1    -747.31    1154.96 16149819.71
    192      192      0      0        0.00       0.00       0.00    -1.0000      -1    -550.12    1343.05 16179798.96
    193      193      0      0        0.00       0.00       0.00    -1.0000      -1    -391.76    1456.30 15996925.56
    194      194      0      0        0.00       0.00       0.00    -1.0000      -1    -841.13    1265.48 15379353.10
    195      195      0      0        0.00       0.00       0.00    -1.0000      -1    -638.40    1334.30 16149819.71
    196      196      0      0        0.00       0.00       0.00    -1.0000      -1    -789.37    1376.46 14881697.62
    197      197      0      0        0.00       0.00       0.00    -1.0000      -1    -510.16    1616.97 16788377.65
    198      198      0      0        0.00       0.00       0.00    -1.0000      -1    -437.29    1700.22 15924975.37
    199      199      0      0        0.00       0.00       0.00    -1.0000      -1    -619.07    1667.16 16041894.43
    200      200      0      0        0.00       0.00       0.00    -1.0000      -1    -553.76    1757.30 16587516.70
    201      201      0      0        0.00       0.00       0.00    -1.0000      -1   -1050.06    1295.11 16053886.13
    202      202      0      0        0.00       0.00       0.00    -1.0000      -1    -409.90    1934.85 13787455.14
    203      203     12     12     1865.03      75.03  433952.31     0.0000       1   -1733.36     607.50 14357060.81
    204      204      0      0        0.00       0.00       0.00    -1.0000      -1    -752.53    1966.82 15499270.08
    205      205      0      0        0.00       0.00       0.00    -1.0000      -1    -843.69    1759.92 14345069.12
    206      206      0      0        0.00       0.00       0.00    -1.0000      -1    -615.85    2006.64 14444000.63
    207      207      0      0        0.00       0.00       0.00    -1.0000      -1    -205.95    2448.34 14914674.79
    208      208      0      0        0.00       0.00       0.00    -1.0000      -1   -1125.00    1289.51 13625567.22
    209      209      0      0        0.00       0.00       0.00    -1.0000      -1    -933.41    2242.39 12939042.49
    210      210      0      0        0.00       0.00       0.00    -1.0000      -1   -1086.02    2005.79 12108617.38
    211      211      0      0        0.00       0.00       0.00    -1.0000      -1    -760.97    2358.02 14590898.93
    212      212      0      0        0.00       0.00       0.00    -1.0000      -1    -932.04    2306.16 14195172.89
    213      213      0      0        0.00       0.00       0.00    -1.0000      -1   -1121.64    1814.90 14695826.29
    214      214      0      0        0.00       0.00       0.00    -1.0000      -1   -1179.28    2053.60 15972942.16
    215      215      0      0        0.00       0.00       0.00    -1.0000      -1   -1396.19    1773.76 13052963.62
    216      216      0      0        0.00       0.00       0.00    -1.0000      -1   -1193.22    2339.88 13874394.96
    217      217      0      0        0.00       0.00       0.00    -1.0000      -1   -1516.76    1943.78 15906987.82
    218      218      0      0        0.00       0.00       0.00    -1.0000      -1   -1256.99    1649.72 15844031.41
    219      219      0      0        0.00       0.00       0.00    -1.0000      -1   -1313.23    2351.12 14330079.49
    220      220      0      0        0.00       0.00       0.00    -1.0000      -1   -1478.94    1859.10 12891075.69
    221      221      0      0        0.00       0.00       0.00    -1.0000      -1   -1582.14    1981.21 14141210.24
    222      222      0      0        0.00       0.00       0.00    -1.0000      -1   -1905.27    1722.63 13820432.31
    223      223      0      0        0.00       0.00       0.00    -1.0000      -1   -1876.62    1659.31 14219156.28
    224      224      0      0        0.00       0.00       0.00    -1.0000      -1   -1781.16    2109.07 15670151.78
    225      225      0      0        0.00       0.00       0.00    -1.0000      -1   -1792.01    1804.40 16125836.32
    226      226      0      0        0.00       0.00       0.00    -1.0000      -1   -1889.23    2090.23 13367745.70
    227      227      0      0        0.00       0.00       0.00    -1.0000      -1   -1923.37    2275.23 13997309.86
    228      228      0      0        0.00       0.00       0.00    -1.0000      -1   -1921.48    2491.79 16047890.28
    229      229      0      0        0.00       0.00       0.00    -1.0000      -1   -2124.59    2205.62 15544238.95
    230      230      0      0        0.00       0.00       0.00    -1.0000      -1   -1985.08    2279.26 14078253.83
    231      231      0      0        0.00       0.00       0.00    -1.0000      -1   -2098.33    1918.70 12930048.71
    232      232      0      0        0.00       0.00       0.00    -1.0000      -1   -1458.28     563.55 14303098.17
    233      233      0      0        0.00       0.00       0.00    -1.0000      -1   -2244.26    1930.19 15655162.16
    234      234      0      0        0.00       0.00       0.00    -1.0000      -1   -2414.34    2301.50 15541241.02
    235      235      0      0        0.00       0.00       0.00    -1.0000      -1   -1996.84    2151.76 14105235.15
    236      236      0      0        0.00       0.00       0.00    -1.0000      -1   -2170.01    1568.86 15781074.99
    237      237      0      0        0.00       0.00       0.00    -1.0000      -1   -2510.82    2461.99 13148897.21
    238      238      0      0        0.00       0.00       0.00    -1.0000      -1   -2564.75    2337.22 13019986.45
    239      239      0      0        0.00       0.00       0.00    -1.0000      -1   -2869.00    1865.68 14866707.99
    240      240      0      0        0.00       0.00       0.00    -1.0000      -1   -2459.76    1764.48 12933046.64
    241      241      0      0        0.00       0.00       0.00    -1.0000      -1   -2810.97    1761.78 12888077.77
    242      242      0      0        0.00       0.00       0.00    -1.0000      -1   -2924.96    1894.12 13997309.86
    243      243      0      0        0.00       0.00       0.00    -1.0000      -1   -2784.43    1956.77 13829426.09
    244      244      0      0        0.00       0.00       0.00    -1.0000      -1   -2729.48    1632.59 14464986.10
    245      245      0      0        0.00       0.00       0.00    -1.0000      -1   -3142.12    2283.11 14108233.07
    246      246      0      0        0.00       0.00       0.00    -1.0000      -1   -3058.39    1972.07 12924052.86
    247      247      0      0        0.00       0.00       0.00    -1.0000      -1   -2956.90    1876.96 13703513.26
    248      248      0      0        0.00       0.00       0.00    -1.0000      -1   -3361.27    2372.31 14114228.92
    249      249      0      0        0.00       0.00       0.00    -1.0000      -1   -3140.89    1794.52 15358367.62
    250      250      0      0        0.00       0.00       0.00    -1.0000      -1   -3219.41    2058.32 15076562.71
    251      251      0      0        0.00       0.00       0.00    -1.0000      -1   -3387.60    1901.51 14444000.63
    252      252      0      0        0.00       0.00       0.00    -1.0000      -1   -3487.20    2407.05 15784072.91
    253      253      0      0        0.00       0.00       0.00    -1.0000      -1   -3449.31    2289.70 14438004.78
    254      254      0      0        0.00       0.00       0.00    -1.0000      -1   -3013.67    1864.81 13298793.44
    255      255      0      0        0.00       0.00       0.00    -1.0000      -1   -3406.37    2034.83 13538627.40
    256      256      0      0        0.00       0.00       0.00    -1.0000      -1   -3635.16    2492.60 14503959.12
    257      257      0      0        0.00       0.00       0.00    -1.0000      -1   -3695.99    2405.54 14557921.76
    258      258      0      0        0.00       0.00       0.00    -1.0000      -1   -3848.92    2158.55 15088554.41
    259      259      0      0        0.00       0.00       0.00    -1.0000      -1   -3508.49    2067.60 13985318.17
    260      260      0      0        0.00       0.00       0.00    -1.0000      -1   -3140.16    1938.73 14390037.98
    261      261      0      0        0.00       0.00       0.00    -1.0000      -1   -2887.18    1289.58 13727496.65
    262      262      0      0        0.00       0.00       0.00    -1.0000      -1   -2762.72    1588.26 15412330.27
    263      263      0      0        0.00       0.00       0.00    -1.0000      -1   -3665.03    2075.45 14539934.21
    264      264      0      0        0.00       0.00       0.00    -1.0000      -1   -3433.13    1719.20 14497963.27
    265      265      0      0        0.00       0.00       0.00    -1.0000      -1   -3399.83    1532.16 12606272.86
    266      266      0      0        0.00       0.00       0.00    -1.0000      -1   -3966.41    2011.54 14144208.17
    267      267      0      0        0.00       0.00       0.00    -1.0000      -1   -3876.97    1803.35 13982320.24
    268      268      0      0        0.00       0.00       0.00    -1.0000      -1   -2987.16    1587.63 15343378.00
    269      269      0      0        0.00       0.00       0.00    -1.0000      -1   -2720.13    1520.67 15319394.60
    270      270      0      0        0.00       0.00       0.00    -1.0000      -1   -4266.77    1952.32 14102237.22
    271      271      0      0        0.00       0.00       0.00    -1.0000      -1   -4244.39    1880.08 14195172.89
    272      272      0      0        0.00       0.00       0.00    -1.0000      -1   -3411.77    1667.61 14102237.22
    273      273      0      0        0.00       0.00       0.00    -1.0000      -1   -3961.01    1493.04 12642247.95
    274      274      0      0        0.00       0.00       0.00    -1.0000      -1   -3512.27    1405.67 14647859.50
    275      275      0      0        0.00       0.00       0.00    -1.0000      -1   -4357.47    1681.27 15775079.14
    276      276      0      0        0.00       0.00       0.00    -1.0000      -1   -3657.67    1450.74 15304404.98
    277      277      0      0        0.00       0.00       0.00    -1.0000      -1   -2720.62     570.59 14542932.14
    278      278      0      0        0.00       0.00       0.00    -1.0000      -1   -2895.20    1216.53 14767776.48
    279      279      0      0        0.00       0.00       0.00    -1.0000      -1   -2900.87     825.36 14186179.11
    280      280      0      0        0.00       0.00       0.00    -1.0000      -1   -2895.20     870.78 14282112.70
    281      281      0      0        0.00       0.00       0.00    -1.0000      -1   -4078.36    1295.04 15577216.12
    282      282      0      0        0.00       0.00       0.00    -1.0000      -1   -2776.24     711.86 13892382.50
    283      283      0      0        0.00       0.00       0.00    -1.0000      -1   -3960.59    1108.46 15235452.72
    284      284      0      0        0.00       0.00       0.00    -1.0000      -1   -4116.04    1236.21 15475286.68
    285      285      0      0        0.00       0.00       0.00    -1.0000      -1   -3994.67    1378.14 14099239.30
    286      286      0      0        0.00       0.00       0.00    -1.0000      -1   -4237.07    1100.51 15073564.79
    287      287      0      0        0.00       0.00       0.00    -1.0000      -1   -4243.20    1051.59 14300100.25
    288      288      0      0        0.00       0.00       0.00    -1.0000      -1   -4411.75    1002.98 14210162.51
    289      289      0      0        0.00       0.00       0.00    -1.0000      -1   -4148.16     772.87 13058959.47
    290      290      0      0        0.00       0.00       0.00    -1.0000      -1   -4378.23     745.76 14731801.39
    291      291      0      0        0.00       0.00       0.00    -1.0000      -1   -3942.42     598.99 13736490.43
    292      292      0      0        0.00       0.00       0.00    -1.0000      -1   -4113.73     914.52 15310400.83
    293      293      0      0        0.00       0.00       0.00    -1.0000      -1   -4177.96     686.40 15328388.38
    294      294      0      0        0.00       0.00       0.00    -1.0000      -1   -3481.00     591.15 14060266.28
    295      295      0      0        0.00       0.00       0.00    -1.0000      -1   -2888.40      28.67 17372972.94
    296      296      0      0        0.00       0.00       0.00    -1.0000      -1   -4101.09     593.81 13400722.87
    297      297      0      0        0.00       0.00       0.00    -1.0000      -1   -4367.27     540.02 17250058.03
    298      298      0      0        0.00       0.00       0.00    -1.0000      -1   -4281.27     452.61 14099239.30
    299      299      0      0        0.00       0.00       0.00    -1.0000      -1   -4252.72     417.84 15897994.05
    300      300      0      0        0.00       0.00       0.00    -1.0000      -1   -3651.90     271.18 13628565.14
    301      301      0      0        0.00       0.00       0.00    -1.0000      -1   -2873.48     499.50 14417019.31
    302      302      0      0        0.00       0.00       0.00    -1.0000      -1   -3354.27     576.02 13262818.34
    303      303     12     12     4483.18     566.34  272973.78     0.7830       2   -4285.26     183.59 14009301.56
    304      304      0      0        0.00       0.00       0.00    -1.0000      -1   -3896.89     -38.36 14596894.78
    305      305     12     12     4483.18     566.34  272973.78     0.0170       2   -4075.39     -84.69 14192174.96
    306      306     12     12     4483.18     566.34  272973.78     0.0000       2   -4245.34    -179.31 14336075.34
    307      307      0      0        0.00       0.00       0.00    -1.0000      -1   -4005.21    -137.18 14060266.28
    308      308     12     12     4483.18     566.34  272973.78     0.0000       2   -4351.69    -276.88 14300100.25
    309      309      0      0        0.00       0.00       0.00    -1.0000      -1   -3312.49    -392.55 14809747.43
    310      310      0      0        0.00       0.00       0.00    -1.0000      -1   -4023.77    -216.36 14243139.68
    311      311      0      0        0.00       0.00       0.00    -1.0000      -1   -3925.33    -206.59 14432008.93
    312      312      0      0        0.00       0.00       0.00    -1.0000      -1   -3648.85    -362.32 14926666.48
    313      313      0      0        0.00       0.00       0.00    -1.0000      -1   -3178.26    -553.36 14887693.46
    314      314      0      0        0.00       0.00       0.00    -1.0000      -1   -4079.80    -463.71 14429011.00
    315      315      0      0        0.00       0.00       0.00    -1.0000      -1   -4084.07    -522.12 14222154.21
    316      316      0      0        0.00       0.00       0.00    -1.0000      -1   -4228.98    -880.79 14863710.07
    317      317      0      0        0.00       0.00       0.00    -1.0000      -1   -4045.72    -933.14 15924975.37
    318      318      0      0        0.00       0.00       0.00    -1.0000      -1   -3058.07    -421.79 13106926.26
    319      319      0      0        0.00       0.00       0.00    -1.0000      -1   -3398.67    -449.42 13883388.73
    320      320      0      0        0.00       0.00       0.00    -1.0000      -1   -4179.29   -1032.95 15070566.86
    321      321      0      0        0.00       0.00       0.00    -1.0000      -1   -3360.71    -469.83 13049965.70
    322      322      0      0        0.00       0.00       0.00    -1.0000      -1   -3943.19    -643.46 13127911.74
    323      323      0      0        0.00       0.00       0.00    -1.0000      -1   -3888.35    -834.70 13946345.15
    324      324      0      0        0.00       0.00       0.00    -1.0000      -1   -4098.78   -1215.05 14926666.48
    325      325      0      0        0.00       0.00       0.00    -1.0000      -1   -3468.29    -800.77 14201168.74
    326      326      0      0        0.00       0.00       0.00    -1.0000      -1   -3733.28    -843.56 13172880.60
    327      327      0      0        0.00       0.00       0.00    -1.0000      -1   -3580.18    -973.94 14782766.10
    328      328      0      0        0.00       0.00       0.00    -1.0000      -1   -3189.53    -791.77 14617880.25
    329      329      0      0        0.00       0.00       0.00    -1.0000      -1   -3529.85   -1044.33 14956645.73
    330      330      0      0        0.00       0.00       0.00    -1.0000      -1   -3476.69   -1055.18 15250442.34
    331      331      0      0        0.00       0.00       0.00    -1.0000      -1   -3128.81   -1007.87 14701822.14
    332      332      0      0        0.00       0.00       0.00    -1.0000      -1   -3146.99    -587.92 13016988.53
    333      333      0      0        0.00       0.00       0.00    -1.0000      -1   -3045.81    -790.93 15001614.60
    334      334      9      9     3419.21     136.05  281908.40     0.0000       0   -3257.93   -1222.75 14818741.20
    335      335      9      9     3419.21     136.05  281908.40     0.0060       0   -3174.76   -1131.63 14662849.12
    336      336      9      9     3419.21     136.05  281908.40     0.0010       0   -3197.69   -1263.13 14081251.75
    337      337      9      9     3419.21     136.05  281908.40     0.0580       0   -3196.96   -1343.18 14740795.16
    338      338      0      0        0.00       0.00       0.00    -1.0000      -1   -2904.51    -995.09 14731801.39
    339      339      0      0        0.00       0.00       0.00    -1.0000      -1   -2933.12    -897.63 13220847.40
    340      340      0      0        0.00       0.00       0.00    -1.0000      -1   -2821.94    -717.67 15637174.61
    341      341      0      0        0.00       0.00       0.00    -1.0000      -1   -2880.94    -616.95 14611884.40
    342      342      0      0        0.00       0.00       0.00    -1.0000      -1   -3093.97   -1112.30 13511646.08
    343      343      0      0        0.00       0.00       0.00    -1.0000      -1   -2985.76   -1246.28 15829041.78
    344      344      0      0        0.00       0.00       0.00    -1.0000      -1   -2887.91   -1190.88 14560919.69
    345      345      0      0        0.00       0.00       0.00    -1.0000      -1   -2997.63    -748.69 15493274.23
    346      346      0      0        0.00       0.00       0.00    -1.0000      -1   -2800.19   -1341.64 14647859.50
    347      347      0      0        0.00       0.00       0.00    -1.0000      -1   -2803.24    -933.18 13628565.14
    348      348      0      0        0.00       0.00       0.00    -1.0000      -1   -2464.60    -574.75 13484664.76
    349      349      0      0        0.00       0.00       0.00    -1.0000      -1   -2597.18   -1227.27 14204166.66
    350      350      0      0        0.00       0.00       0.00    -1.0000      -1   -2076.93    -607.43 14509954.97
    351      351      0      0        0.00       0.00       0.00    -1.0000      -1   -2773.64    -625.57 15577216.12
    352      352      0      0        0.00       0.00       0.00    -1.0000      -1   -2423.34    -726.25 14635867.80
    353      353      0      0        0.00       0.00       0.00    -1.0000      -1   -2357.86    -442.13 13301791.36
    354      354      0      0        0.00       0.00       0.00    -1.0000      -1   -2485.82    -764.84 14698824.22
    355      355      0      0        0.00       0.00       0.00    -1.0000      -1   -2204.65    -544.01 15115535.73
    356      356      0      0        0.00       0.00       0.00    -1.0000      -1   -1940.46   -1161.40 12876086.07
    357      357      0      0        0.00       0.00       0.00    -1.0000      -1   -1940.67    -779.27 15259436.11
    358      358      0      0        0.00       0.00       0.00    -1.0000      -1   -1973.80    -440.10 14351064.96
    359      359      0      0        0.00       0.00       0.00    -1.0000      -1   -2075.43   -1320.00 13376739.48
    360      360      0      0        0.00       0.00       0.00    -1.0000      -1   -1431.66    -608.06 14908678.94
    361      361      0      0        0.00       0.00       0.00    -1.0000      -1   -2430.52    -525.90 13331770.61
    362      362      0      0        0.00       0.00       0.00    -1.0000      -1   -2072.97    -742.22 16269736.70
    363      363      0      0        0.00       0.00       0.00    -1.0000      -1   -1889.96   -1367.24 12489353.80
    364      364      0      0        0.00       0.00       0.00    -1.0000      -1   -1899.80   -1130.41 14851718.37
    365      365      0      0        0.00       0.00       0.00    -1.0000      -1   -1878.79    -389.15 15292413.28
    366      366      0      0        0.00       0.00       0.00    -1.0000      -1   -1897.81    -912.44 15490276.30
    367      367      0      0        0.00       0.00       0.00    -1.0000      -1   -1952.72    -551.50 13451687.59
    368      368      0      0        0.00       0.00       0.00    -1.0000      -1   -1727.05   -1040.06 15460297.06
    369      369      0      0        0.00       0.00       0.00    -1.0000      -1   -1657.36   -1118.57 13670536.08
    370      370      0      0        0.00       0.00       0.00    -1.0000      -1   -1701.45    -846.40 12519333.05
    371      371      0      0        0.00       0.00       0.00    -1.0000      -1   -1826.23    -527.37 14147206.09
    372      372      0      0        0.00       0.00       0.00    -1.0000      -1   -1322.02   -1333.10 14006303.64
    373      373      0      0        0.00       0.00       0.00    -1.0000      -1   -1440.59    -845.91 15700131.03
    374      374      0      0        0.00       0.00       0.00    -1.0000      -1   -1362.26   -1131.14 13508648.16
    375      375      0      0        0.00       0.00       0.00    -1.0000      -1   -1376.79    -743.93 16566531.23
    376      376      0      0        0.00       0.00       0.00    -1.0000      -1   -1711.64      98.85 16191790.66
    377      377      0      0        0.00       0.00       0.00    -1.0000      -1   -1280.21    -527.37 15454301.21
    378      378      0      0        0.00       0.00       0.00    -1.0000      -1   -1729.08      -3.90 13403720.80
    379      379      0      0        0.00       0.00       0.00    -1.0000      -1   -1128.99    -626.48 13571604.57
    380      380      0      0        0.00       0.00       0.00    -1.0000      -1    -900.38   -1036.45 15355369.70
    381      381      0      0        0.00       0.00       0.00    -1.0000      -1   -1366.25    -611.49 15301407.06
    382      382      0      0        0.00       0.00       0.00    -1.0000      -1   -1003.97    -566.14 14788761.95
    383      383     12     12     1515.60     216.52  387242.11     0.0040       3    -552.57   -1293.18 14084249.68
    384      384     12     12     1515.60     216.52  387242.11     0.0290       3    -797.11    -999.01 14072257.98
    385      385      0      0        0.00       0.00       0.00    -1.0000      -1   -1169.65    -516.30 15073564.79
    386      386      0      0        0.00       0.00       0.00    -1.0000      -1   -1220.15    -428.34 14479975.72
    387      387     12     12     1515.60     216.52  387242.11     0.0830       3    -424.30   -1026.01 14941656.11
    388      388      0      0        0.00       0.00       0.00    -1.0000      -1    -724.66    -534.16 15781074.99
    389      389      0      0        0.00       0.00       0.00    -1.0000      -1   -1075.24    -226.34 14755784.78
    390      390      0      0        0.00       0.00       0.00    -1.0000      -1   -1131.02     -20.32 14575909.31
    391      391      0      0        0.00       0.00       0.00    -1.0000      -1    -995.78    -142.19 13595587.97
    392      392      0      0        0.00       0.00       0.00    -1.0000      -1   -1001.45     -59.86 14854716.29
    393      393      0      0        0.00       0.00       0.00    -1.0000      -1    -949.87      50.62 14417019.31
    394      394      0      0        0.00       0.00       0.00    -1.0000      -1    -690.30    -129.80 14503959.12
    395      395      0      0        0.00       0.00       0.00    -1.0000      -1   -1039.48     238.40 15442309.51
    396      396      0      0        0.00       0.00       0.00    -1.0000      -1    -908.61      74.86 15082558.56
    397      397      0      0        0.00       0.00       0.00    -1.0000      -1   -1092.12     185.66 12162580.02
    398      398      0      0        0.00       0.00       0.00    -1.0000      -1   -1032.65       9.51 15325390.45
    399      399      0      0        0.00       0.00       0.00    -1.0000      -1    -671.32     136.84 14893689.31
    400      400      0      0        0.00       0.00       0.00    -1.0000      -1    -593.89      85.12 14791759.88
    401      401      0      0        0.00       0.00       0.00    -1.0000      -1    -537.13     249.99 13982320.24
    402      402      0      0        0.00       0.00       0.00    -1.0000      -1    -846.59     217.74 14399031.76
    403      403      0      0        0.00       0.00       0.00    -1.0000      -1   -1424.06     573.89 15505265.93
    404      404      0      0        0.00       0.00       0.00    -1.0000      -1    -561.05     385.06 13181874.38
    405      405      0      0        0.00       0.00       0.00    -1.0000      -1    -713.49     170.29 13964332.69
    406      406      0      0        0.00       0.00       0.00    -1.0000      -1    -990.49     445.26 14890691.39
    407      407      0      0        0.00       0.00       0.00    -1.0000      -1   -1086.83     300.49 14605888.55
    408      408      0      0        0.00       0.00       0.00    -1.0000      -1   -5945.35     485.42 12869000.00
    409      409      0      0        0.00       0.00       0.00    -1.0000      -1   -5721.94     612.29 15184000.00
    410      410      0      0        0.00       0.00       0.00    -1.0000      -1   -5583.52    1253.39 15684000.00
    411      411      0      0        0.00       0.00       0.00    -1.0000      -1   -5473.04    1674.57 14222000.00
    412      412      0      0        0.00       0.00       0.00    -1.0000      -1   -5269.27   -1025.51 13953000.00
    413      413      0      0        0.00       0.00       0.00    -1.0000      -1   -5247.50    1859.53 15507000.00
    414      414      0      0        0.00       0.00       0.00    -1.0000      -1   -5149.82   -1617.93 13583000.00
    415      415      0      0        0.00       0.00       0.00    -1.0000      -1   -4919.30   -2728.97 12257000.00
    416      416      0      0        0.00       0.00       0.00    -1.0000      -1   -4905.25    2123.69 15657000.00
    417      417      0      0        0.00       0.00       0.00    -1.0000      -1   -4860.37    -332.80 14359000.00
    418      418      0      0        0.00       0.00       0.00    -1.0000      -1   -4844.13    -408.57 14239000.00
    419      419      0      0        0.00       0.00       0.00    -1.0000      -1   -4830.59     400.18 14482000.00
    420      420      0      0        0.00       0.00       0.00    -1.0000      -1   -4820.20   -1927.80 14416000.00
    421      421     12     12     4483.18     566.34  272973.78     0.0030       2   -4795.16     -72.43 13874000.00
    422      422      0      0        0.00       0.00       0.00    -1.0000      -1   -4788.58     355.42 14120000.00
    423      423      0      0        0.00       0.00       0.00    -1.0000      -1   -4735.88    -441.80 13446000.00
    424      424      0      0        0.00       0.00       0.00    -1.0000      -1   -4717.45    2232.29 15297000.00
    425      425      0      0        0.00       0.00       0.00    -1.0000      -1   -4707.00   -1954.37 14526000.00
    426      426     12     12     4483.18     566.34  272973.78     0.0010       2   -4675.35      11.83 14298000.00
    427      427     12     12     4483.18     566.34  272973.78     0.0000       2   -4627.17    -178.69 13938000.00
    428      428     12     12     4483.18     566.34  272973.78     0.0040       2   -4570.56    -205.76 13795000.00
    429      429      0      0        0.00       0.00       0.00    -1.0000      -1   -4494.52    2610.52 14170000.00
    430      430      0      0        0.00       0.00       0.00    -1.0000      -1   -4461.79     721.45 12547000.00
    431      431      0      0        0.00       0.00       0.00    -1.0000      -1   -4459.94    -442.27 13747000.00
    432      432      0      0        0.00       0.00       0.00    -1.0000      -1   -4438.34     645.70 12869000.00
    433      433      0      0        0.00       0.00       0.00    -1.0000      -1   -4411.01    1333.47 14500000.00
    434      434      0      0        0.00       0.00       0.00    -1.0000      -1   -4362.57   -3031.60 13921000.00
    435      435      0      0        0.00       0.00       0.00    -1.0000      -1   -4351.38     475.42 14005000.00
    436      436      0      0        0.00       0.00       0.00    -1.0000      -1   -4327.20   -2402.68 13857000.00
    437      437      0      0        0.00       0.00       0.00    -1.0000      -1   -4245.09    1050.94 14276000.00
    438      438      0      0        0.00       0.00       0.00    -1.0000      -1   -4228.90   -1452.37 13996000.00
    439      439      0      0        0.00       0.00       0.00    -1.0000      -1   -4219.78   -2661.92 13733000.00
    440      440      0      0        0.00       0.00       0.00    -1.0000      -1   -4213.14   -1561.68 13950000.00
    441      441      0      0        0.00       0.00       0.00    -1.0000      -1   -4111.11   -1754.23 13794000.00
    442      442      0      0        0.00       0.00       0.00    -1.0000      -1   -4088.80    -538.19 13568000.00
    443      443      0      0        0.00       0.00       0.00    -1.0000      -1   -3717.04   -1781.00 14349000.00
    444      444      0      0        0.00       0.00       0.00    -1.0000      -1   -3690.59     881.08 14016000.00
    445      445      0      0        0.00       0.00       0.00    -1.0000      -1   -3664.08     634.90 13735000.00
    446      446      0      0        0.00       0.00       0.00    -1.0000      -1   -3593.91     670.76 13748000.00
    447      447      0      0        0.00       0.00       0.00    -1.0000      -1   -3585.11   -3587.37 13998000.00
    448      448      0      0        0.00       0.00       0.00    -1.0000      -1   -3552.48    3157.50 14396000.00
    449      449      0      0        0.00       0.00       0.00    -1.0000      -1   -3530.52    1189.32 14605000.00
    450      450      0      0        0.00       0.00       0.00    -1.0000      -1   -3465.76    1171.69 14228000.00
    451      451      0      0        0.00       0.00       0.00    -1.0000      -1   -3463.87    2993.33 14463000.00
    452      452      0      0        0.00       0.00       0.00    -1.0000      -1   -3455.48    1051.82 13673000.00
    453      453      0      0        0.00       0.00       0.00    -1.0000      -1   -3454.40      47.07 14185000.00
    454      454      0      0        0.00       0.00       0.00    -1.0000      -1   -3446.75    -285.17 14624000.00
    455      455      0      0        0.00       0.00       0.00    -1.0000      -1   -3433.61    -149.23 14495000.00
    456      456      0      0        0.00       0.00       0.00    -1.0000      -1   -3427.80    2244.83 15617000.00
    457      457      0      0        0.00       0.00       0.00    -1.0000      -1   -3405.58    1667.40 14144000.00
    458      458      0      0        0.00       0.00       0.00    -1.0000      -1   -3386.58     -85.27 13955000.00
    459      459      0      0        0.00       0.00       0.00    -1.0000      -1   -3333.89   -3609.01 14447000.00
    460      460      0      0        0.00       0.00       0.00    -1.0000      -1   -3311.29    1142.99 14767000.00
    461      461      0      0        0.00       0.00       0.00    -1.0000      -1   -3304.57    -411.21 14819000.00
    462      462      0      0        0.00       0.00       0.00    -1.0000      -1   -3297.98     415.18 14166000.00
    463      463      0      0        0.00       0.00       0.00    -1.0000      -1   -3286.76    1028.20 13984000.00
    464      464      0      0        0.00       0.00       0.00    -1.0000      -1   -3276.62   -3202.02 13756000.00
    465      465      0      0        0.00       0.00       0.00    -1.0000      -1   -3261.16     263.45 14693000.00
    466      466      0      0        0.00       0.00       0.00    -1.0000      -1   -3243.89     881.11 15201000.00
    467      467      0      0        0.00       0.00       0.00    -1.0000      -1   -3220.47     -30.74 14740000.00
    468      468      9      9     3419.21     136.05  281908.40     0.0100       0   -3217.70   -1147.23 14592000.00
    469      469      0      0        0.00       0.00       0.00    -1.0000      -1   -3215.19    -137.16 15024000.00
    470      470      0      0        0.00       0.00       0.00    -1.0000      -1   -3207.34     925.31 14218000.00
    471      471      0      0        0.00       0.00       0.00    -1.0000      -1   -3204.20    -677.29 15006000.00
    472      472      9      9     3419.21     136.05  281908.40     0.0000       0   -3201.44   -1267.27 13995000.00
    473      473      0      0        0.00       0.00       0.00    -1.0000      -1   -3182.12    1177.84 14513000.00
    474      474      0      0        0.00       0.00       0.00    -1.0000      -1   -3175.82    1014.79 15935000.00
    475      475      9      9     3419.21     136.05  281908.40     0.0000       0   -3168.93   -1224.02 14574000.00
    476      476      0      0        0.00       0.00       0.00    -1.0000      -1   -3152.65     780.76 13078000.00
    477      477      0      0        0.00       0.00       0.00    -1.0000      -1   -3153.55     820.02 14185000.00
    478      478      0      0        0.00       0.00       0.00    -1.0000      -1   -3130.83   -1928.18 13843000.00
    479      479      0      0        0.00       0.00       0.00    -1.0000      -1   -3119.71     486.78 13162000.00
    480      480      0      0        0.00       0.00       0.00    -1.0000      -1   -3116.61   -2104.08 16594000.00
    481      481      0      0        0.00       0.00       0.00    -1.0000      -1   -3093.32    1428.15 12672000.00
    482      482      0      0        0.00       0.00       0.00    -1.0000      -1   -3089.71    1036.52 15001000.00
    483      483      0      0        0.00       0.00       0.00    -1.0000      -1   -3049.76    4068.14 13488000.00
    484      484      0      0        0.00       0.00       0.00    -1.0000      -1   -3045.31    1477.30 16138000.00
    485      485      0      0        0.00       0.00       0.00    -1.0000      -1   -3042.03   -2193.62 16430000.00
    486      486      0      0        0.00       0.00       0.00    -1.0000      -1   -3031.41    1091.50 15085000.00
    487      487      0      0        0.00       0.00       0.00    -1.0000      -1   -3029.29     220.11 15061000.00
    488      488      0      0        0.00       0.00       0.00    -1.0000      -1   -2964.86    1017.43 15009000.00
    489      489      0      0        0.00       0.00       0.00    -1.0000      -1   -2958.89     360.68 15321000.00
    490      490      0      0        0.00       0.00       0.00    -1.0000      -1   -2955.12      28.43 14950000.00
    491      491      0      0        0.00       0.00       0.00    -1.0000      -1   -2954.54   -1777.78 13796000.00
    492      492      0      0        0.00       0.00       0.00    -1.0000      -1   -2941.45    2646.95 15701000.00
    493      493      0      0        0.00       0.00       0.00    -1.0000      -1   -2933.73      80.44 14191000.00
    494      494      0      0        0.00       0.00       0.00    -1.0000      -1   -2899.59    1761.91 13884000.00
    495      495      0      0        0.00       0.00       0.00    -1.0000      -1   -2886.95    -305.31 15248000.00
    496      496      0      0        0.00       0.00       0.00    -1.0000      -1   -2874.70     499.79 14389000.00
    497      497      0      0        0.00       0.00       0.00    -1.0000      -1   -2865.23   -2235.84 12995000.00
    498      498      0      0        0.00       0.00       0.00    -1.0000      -1   -2825.17     606.80 14526000.00
    499      499      0      0        0.00       0.00       0.00    -1.0000      -1   -2821.17    -719.13 15573000.00
    500      500      0      0        0.00       0.00       0.00    -1.0000      -1   -2807.65    1762.58 12760000.00
    501      501      0      0        0.00       0.00       0.00    -1.0000      -1   -2795.61   -1949.72 13364000.00
    502      502      0      0        0.00       0.00       0.00    -1.0000      -1   -2773.84     -91.64 13126000.00
    503      503      0      0        0.00       0.00       0.00    -1.0000      -1   -2752.45     945.71 13701000.00
    504      504      0      0        0.00       0.00       0.00    -1.0000      -1   -2741.71     105.98 13425000.00
    505      505      0      0        0.00       0.00       0.00    -1.0000      -1   -2739.14   -3889.73 14292000.00
    506      506      0      0        0.00       0.00       0.00    -1.0000      -1   -2738.22   -2285.84 14215000.00
    507      507      0      0        0.00       0.00       0.00    -1.0000      -1   -2734.72    -109.77 14944000.00
    508      508      0      0        0.00       0.00       0.00    -1.0000      -1   -2699.93     198.30 13574000.00
    509      509      0      0        0.00       0.00       0.00    -1.0000      -1   -2700.11    -133.09 13510000.00
    510      510      0      0        0.00       0.00       0.00    -1.0000      -1   -2696.34    -262.48 13643000.00
    511      511      0      0        0.00       0.00       0.00    -1.0000      -1   -2679.02     465.25 15289000.00
    512      512      0      0        0.00       0.00       0.00    -1.0000      -1   -2668.88    3418.84 14235000.00
    513      513      0      0        0.00       0.00       0.00    -1.0000      -1   -2662.13     899.51 14334000.00
    514      514      0      0        0.00       0.00       0.00    -1.0000      -1   -2653.68     836.59 14405000.00
    515      515      0      0        0.00       0.00       0.00    -1.0000      -1   -2636.81     575.84 15851000.00
    516      516      0      0        0.00       0.00       0.00    -1.0000      -1   -2637.15     191.55 15776000.00
    517      517      0      0        0.00       0.00       0.00    -1.0000      -1   -2637.21     515.31 13423000.00
    518      518      0      0        0.00       0.00       0.00    -1.0000      -1   -2632.75     825.96 14252000.00
    519      519      0      0        0.00       0.00       0.00    -1.0000      -1   -2624.31    1009.68 14230000.00
    520      520      0      0        0.00       0.00       0.00    -1.0000      -1   -2623.01     943.59 15325000.00
    521      521      0      0        0.00       0.00       0.00    -1.0000      -1   -2616.70    1310.33 13926000.00
    522      522      0      0        0.00       0.00       0.00    -1.0000      -1   -2612.37     971.76 13792000.00
    523      523      0      0        0.00       0.00       0.00    -1.0000      -1   -2611.00     343.24 15220000.00
    524      524      0      0        0.00       0.00       0.00    -1.0000      -1   -2612.56   -1911.97 14479000.00
    525      525      0      0        0.00       0.00       0.00    -1.0000      -1   -2605.40     781.82 15065000.00
    526      526      0      0        0.00       0.00       0.00    -1.0000      -1   -2584.50     341.24 12875000.00
    527      527      0      0        0.00       0.00       0.00    -1.0000      -1   -2582.81    1350.58 15043000.00
    528      528      0      0        0.00       0.00       0.00    -1.0000      -1   -2581.64     691.41 12530000.00
    529      529      0      0        0.00       0.00       0.00    -1.0000      -1   -2557.52     516.49 14422000.00
    530      530      0      0        0.00       0.00       0.00    -1.0000      -1   -2545.53     643.37 14015000.00
    531      531      0      0        0.00       0.00       0.00    -1.0000      -1   -2541.30     -63.62 15078000.00
    532      532      0      0        0.00       0.00       0.00    -1.0000      -1   -2542.38    -254.14 13391000.00
    533      533      0      0        0.00       0.00       0.00    -1.0000      -1   -2539.19     475.82 14543000.00
    534      534      0      0        0.00       0.00       0.00    -1.0000      -1   -2523.98     376.22 14274000.00
    535      535      0      0        0.00       0.00       0.00    -1.0000      -1   -2516.86     506.10 15519000.00
    536      536      0      0        0.00       0.00       0.00    -1.0000      -1   -2513.44     158.41 14297000.00
    537      537      0      0        0.00       0.00       0.00    -1.0000      -1   -2513.60     663.84 16597000.00
    538      538      0      0        0.00       0.00       0.00    -1.0000      -1   -2513.40    2460.91 13120000.00
    539      539      0      0        0.00       0.00       0.00    -1.0000      -1   -2497.64     -44.09 14678000.00
    540      540      0      0        0.00       0.00       0.00    -1.0000      -1   -2470.22     196.56 14560000.00
    541      541      0      0        0.00       0.00       0.00    -1.0000      -1   -2469.61     482.02 14319000.00
    542      542      0      0        0.00       0.00       0.00    -1.0000      -1   -2445.52     415.30 14201000.00
    543      543      0      0        0.00       0.00       0.00    -1.0000      -1   -2444.07     590.91 13921000.00
    544      544      0      0        0.00       0.00       0.00    -1.0000      -1   -2420.04     848.84 14254000.00
    545      545      0      0        0.00       0.00       0.00    -1.0000      -1   -2414.29     675.71 13584000.00
    546      546      0      0        0.00       0.00       0.00    -1.0000      -1   -2409.30     -80.20 15684000.00
    547      547      0      0        0.00       0.00       0.00    -1.0000      -1   -2405.83     393.54 14375000.00
    548      548      0      0        0.00       0.00       0.00    -1.0000      -1   -2400.74      20.44 14007000.00
    549      549      0      0        0.00       0.00       0.00    -1.0000      -1   -2400.12     459.76 15616000.00
    550      550      0      0        0.00       0.00       0.00    -1.0000      -1   -2396.91     816.91 14112000.00
    551      551      0      0        0.00       0.00       0.00    -1.0000      -1   -2395.79    1449.75 15434000.00
    552      552      0      0        0.00       0.00       0.00    -1.0000      -1   -2386.17     587.81 15698000.00
    553      553      0      0        0.00       0.00       0.00    -1.0000      -1   -2383.37     526.92 16016000.00
    554      554      0      0        0.00       0.00       0.00    -1.0000      -1   -2374.78     212.60 14337000.00
    555      555      0      0        0.00       0.00       0.00    -1.0000      -1   -2381.39     203.94 15427000.00
    556      556      0      0        0.00       0.00       0.00    -1.0000      -1   -2372.50   -1215.60 13558000.00
    557      557      0      0        0.00       0.00       0.00    -1.0000      -1   -2375.77      54.23 14749000.00
    558      558      0      0        0.00       0.00       0.00    -1.0000      -1   -2372.50     631.54 15184000.00
    559      559      0      0        0.00       0.00       0.00    -1.0000      -1   -2360.16     528.11 14218000.00
    560      560      0      0        0.00       0.00       0.00    -1.0000      -1   -2354.57     276.26 12405000.00
    561      561      0      0        0.00       0.00       0.00    -1.0000      -1   -2342.46   -1059.17 15195000.00
    562      562      0      0        0.00       0.00       0.00    -1.0000      -1   -2343.76     601.84 13727000.00
    563      563      0      0        0.00       0.00       0.00    -1.0000      -1   -2345.11     359.03 15475000.00
    564      564      0      0        0.00       0.00       0.00    -1.0000      -1   -2337.37    -153.33 12370000.00
    565      565      0      0        0.00       0.00       0.00    -1.0000      -1   -2319.74     704.72 14042000.00
    566      566      0      0        0.00       0.00       0.00    -1.0000      -1   -2319.40     538.92 14794000.00
    567      567      0      0        0.00       0.00       0.00    -1.0000      -1   -2312.47     354.77 12499000.00
    568      568      0      0        0.00       0.00       0.00    -1.0000      -1   -2295.47    1806.96 15387000.00
    569      569      0      0        0.00       0.00       0.00    -1.0000      -1   -2307.56     376.67 14033000.00
    570      570      0      0        0.00       0.00       0.00    -1.0000      -1   -2296.47     379.63 15475000.00
    571      571      0      0        0.00       0.00       0.00    -1.0000      -1   -2290.98     194.29 14894000.00
    572      572      0      0        0.00       0.00       0.00    -1.0000      -1   -2288.13     156.73 11880000.00
    573      573      0      0        0.00       0.00       0.00    -1.0000      -1   -2283.45     192.66 12175000.00
    574      574      0      0        0.00       0.00       0.00    -1.0000      -1   -2280.87     577.51 13802000.00
    575      575      0      0        0.00       0.00       0.00    -1.0000      -1   -2281.47     755.02 14008000.00
    576      576      0      0        0.00       0.00       0.00    -1.0000      -1   -2282.18     605.91 13589000.00
    577      577      0      0        0.00       0.00       0.00    -1.0000      -1   -2270.70     564.75 15381000.00
    578      578      0      0        0.00       0.00       0.00    -1.0000      -1   -2272.19   -2464.62 14054000.00
    579      579      0      0        0.00       0.00       0.00    -1.0000      -1   -2264.82     529.15 14066000.00
    580      580      0      0        0.00       0.00       0.00    -1.0000      -1   -2263.97    2215.31 13531000.00
    581      581      0      0        0.00       0.00       0.00    -1.0000      -1   -2258.05     -24.07 15359000.00
    582      582      0      0        0.00       0.00       0.00    -1.0000      -1   -2247.21    -142.13 12873000.00
    583      583      0      0        0.00       0.00       0.00    -1.0000      -1   -2237.27     535.38 14336000.00
    584      584      0      0        0.00       0.00       0.00    -1.0000      -1   -2232.25     562.29 16653000.00
    585      585      0      0        0.00       0.00       0.00    -1.0000      -1   -2230.79   -3570.08 13833000.00
    586      586      0      0        0.00       0.00       0.00    -1.0000      -1   -2228.08     560.86 13661000.00
    587      587      0      0        0.00       0.00       0.00    -1.0000      -1   -2225.07     643.68 15193000.00
    588      588      0      0        0.00       0.00       0.00    -1.0000      -1   -2206.20      -1.89 15344000.00
    589      589      0      0        0.00       0.00       0.00    -1.0000      -1   -2214.49    -349.30 13676000.00
    590      590      0      0        0.00       0.00       0.00    -1.0000      -1   -2203.65    -358.32 13413000.00
    591      591      0      0        0.00       0.00       0.00    -1.0000      -1   -2199.68   -1500.85 14459000.00
    592      592      0      0        0.00       0.00       0.00    -1.0000      -1   -2200.03    -349.24 13427000.00
    593      593      0      0        0.00       0.00       0.00    -1.0000      -1   -2193.49     190.64 14975000.00
    594      594      0      0        0.00       0.00       0.00    -1.0000      -1   -2192.52    1260.45 15063000.00
    595      595      0      0        0.00       0.00       0.00    -1.0000      -1   -2189.45    -467.27 14719000.00
    596      596      0      0        0.00       0.00       0.00    -1.0000      -1   -2189.10    -428.26 15560000.00
    597      597      0      0        0.00       0.00       0.00    -1.0000      -1   -2186.83     414.24 13124000.00
    598      598      0      0        0.00       0.00       0.00    -1.0000      -1   -2185.64     239.29 14956000.00
    599      599      0      0        0.00       0.00       0.00    -1.0000      -1   -2183.73    -281.71 14042000.00
    600      600      0      0        0.00       0.00       0.00    -1.0000      -1   -2180.76    -380.18 12853000.00
    601      601      0      0        0.00       0.00       0.00    -1.0000      -1   -2181.02     385.95 13821000.00
    602      602      0      0        0.00       0.00       0.00    -1.0000      -1   -2175.88     391.69 12909000.00
    603      603      0      0        0.00       0.00       0.00    -1.0000      -1   -2165.36     500.65 15373000.00
    604      604      0      0        0.00       0.00       0.00    -1.0000      -1   -2160.61      14.10 13063000.00
    605      605      0      0        0.00       0.00       0.00    -1.0000      -1   -2123.46    -170.66 13058000.00
    606      606      0      0        0.00       0.00       0.00    -1.0000      -1   -2121.34    -379.61 14267000.00
    607      607      0      0        0.00       0.00       0.00    -1.0000      -1   -2113.85     315.51 13702000.00
    608      608      0      0        0.00       0.00       0.00    -1.0000      -1   -2090.45     300.01 12923000.00
    609      609      0      0        0.00       0.00       0.00    -1.0000      -1   -2088.82    -119.33 12267000.00
    610      610      0      0        0.00       0.00       0.00    -1.0000      -1   -2075.39     244.08 14000000.00
    611      611      0      0        0.00       0.00       0.00    -1.0000      -1   -2073.57     304.74 14596000.00
    612      612      0      0        0.00       0.00       0.00    -1.0000      -1   -2067.51     219.52 12589000.00
    613      613      0      0        0.00       0.00       0.00    -1.0000      -1   -2067.80    1043.54 15755000.00
    614      614      0      0        0.00       0.00       0.00    -1.0000      -1   -2066.27     914.93 13206000.00
    615      615      0      0        0.00       0.00       0.00    -1.0000      -1   -2063.35   -2448.15 14140000.00
    616      616      0      0        0.00       0.00       0.00    -1.0000      -1   -2057.25     558.64 14784000.00
    617      617      0      0        0.00       0.00       0.00    -1.0000      -1   -2055.91     380.09 13060000.00
    618      618      0      0        0.00       0.00       0.00    -1.0000      -1   -2054.70     259.92 14434000.00
    619      619      0      0        0.00       0.00       0.00    -1.0000      -1   -2053.50     762.80 14350000.00
    620      620      0      0        0.00       0.00       0.00    -1.0000      -1   -2039.90    -281.32 14741000.00
    621      621      0      0        0.00       0.00       0.00    -1.0000      -1   -2029.94     725.15 14817000.00
    622      622      0      0        0.00       0.00       0.00    -1.0000      -1   -2011.61     401.68 13307000.00
    623      623      0      0        0.00       0.00       0.00    -1.0000      -1   -2006.39     278.86 13435000.00
    624      624      0      0        0.00       0.00       0.00    -1.0000      -1   -2012.28     353.34 14523000.00
    625      625      0      0        0.00       0.00       0.00    -1.0000      -1   -1974.32     601.63 13300000.00
    626      626      0      0        0.00       0.00       0.00    -1.0000      -1   -1972.17   -1943.76 13139000.00
    627      627      0      0        0.00       0.00       0.00    -1.0000      -1   -1967.53     302.16 12871000.00
    628      628      0      0        0.00       0.00       0.00    -1.0000      -1   -1959.99     147.36 15059000.00
    629      629      0      0        0.00       0.00       0.00    -1.0000      -1   -1948.14     406.44 14194000.00
    630      630      0      0        0.00       0.00       0.00    -1.0000      -1   -1939.15     292.19 15101000.00
    631      631      0      0        0.00       0.00       0.00    -1.0000      -1   -1944.64     455.65 14517000.00
    632      632      0      0        0.00       0.00       0.00    -1.0000      -1   -1928.19      84.88 14743000.00
    633      633      0      0        0.00       0.00       0.00    -1.0000      -1   -1911.02    2028.83 15647000.00
    634      634      0      0        0.00       0.00       0.00    -1.0000      -1   -1899.19    1351.96 13228000.00
    635      635      0      0        0.00       0.00       0.00    -1.0000      -1   -1879.59     444.60 14156000.00
    636      636      0      0        0.00       0.00       0.00    -1.0000      -1   -1865.44    -102.45 11967000.00
    637      637      0      0        0.00       0.00       0.00    -1.0000      -1   -1864.60    1412.07 13134000.00
    638      638      0      0        0.00       0.00       0.00    -1.0000      -1   -1842.02     497.48 16134000.00
    639      639     12     12     1865.03      75.03  433952.31     0.1080       1   -1833.73     632.21 13642000.00
    640      640     12     12     1865.03      75.03  433952.31     0.4580       1   -1831.90     535.76 14006000.00
    641      641      0      0        0.00       0.00       0.00    -1.0000      -1   -1816.48    -552.79 15184000.00
    642      642      0      0        0.00       0.00       0.00    -1.0000      -1   -1800.96     394.73 14159000.00
    643      643     12     12     1865.03      75.03  433952.31     0.0930       1   -1792.96     596.66 14348000.00
    644      644      0      0        0.00       0.00       0.00    -1.0000      -1   -1789.08     160.38 13707000.00
    645      645      0      0        0.00       0.00       0.00    -1.0000      -1   -1783.43   -2086.84 14965000.00
    646      646     12     12     1865.03      75.03  433952.31     0.5700       1   -1777.71     464.50 13477000.00
    647      647      0      0        0.00       0.00       0.00    -1.0000      -1   -1769.83     368.48 13088000.00
    648      648      0      0        0.00       0.00       0.00    -1.0000      -1   -1760.07    2084.16 13866000.00
    649      649     12     12     1865.03      75.03  433952.31     0.1990       1   -1727.65     736.33 14404000.00
    650      650     12     12     1865.03      75.03  433952.31     0.2080       1   -1722.26     722.90 14516000.00
    651      651      0      0        0.00       0.00       0.00    -1.0000      -1   -1718.43    -153.15 14090000.00
    652      652     12     12     1865.03      75.03  433952.31     0.7690       1   -1718.47     573.26 14711000.00
    653      653      0      0        0.00       0.00       0.00    -1.0000      -1   -1710.18      27.60 14210000.00
    654      654     12     12     1865.03      75.03  433952.31     0.2060       1   -1711.98     724.88 13599000.00
    655      655     12     12     1865.03      75.03  433952.31     0.8130       1   -1697.21     462.95 14001000.00
    656      656      0      0        0.00       0.00       0.00    -1.0000      -1   -1677.75     284.40 11990000.00
    657      657      0      0        0.00       0.00       0.00    -1.0000      -1   -1654.14    1051.41 15659000.00
    658      658      0      0        0.00       0.00       0.00    -1.0000      -1   -1646.21     -49.25 13286000.00
    659      659      0      0        0.00       0.00       0.00    -1.0000      -1   -1626.24    1182.25 15568000.00
    660      660      0      0        0.00       0.00       0.00    -1.0000      -1   -1626.52     -16.95 14952000.00
    661      661      0      0        0.00       0.00       0.00    -1.0000      -1   -1609.06   -2196.11 13784000.00
    662      662      0      0        0.00       0.00       0.00    -1.0000      -1   -1590.15       9.89 16156000.00
    663      663      0      0        0.00       0.00       0.00    -1.0000      -1   -1572.45    1435.89 13114000.00
    664      664      0      0        0.00       0.00       0.00    -1.0000      -1   -1571.08    1484.53 13440000.00
    665      665      0      0        0.00       0.00       0.00    -1.0000      -1   -1541.20   -1819.41 13715000.00
    666      666      0      0        0.00       0.00       0.00    -1.0000      -1   -1536.09     484.93 15945000.00
    667      667      0      0        0.00       0.00       0.00    -1.0000      -1   -1529.86    -160.50 14101000.00
    668      668      0      0        0.00       0.00       0.00    -1.0000      -1   -1513.52     -55.29 13708000.00
    669      669      0      0        0.00       0.00       0.00    -1.0000      -1   -1508.89    -190.12 15349000.00
    670      670      0      0        0.00       0.00       0.00    -1.0000      -1   -1499.76     249.89 15677000.00
    671      671      0      0        0.00       0.00       0.00    -1.0000      -1   -1487.50     541.08 14096000.00
    672      672      0      0        0.00       0.00       0.00    -1.0000      -1   -1475.90   -1695.14 14970000.00
    673      673      0      0        0.00       0.00       0.00    -1.0000      -1   -1466.10     199.37 13886000.00
    674      674      0      0        0.00       0.00       0.00    -1.0000      -1   -1466.86   -1485.48 13501000.00
    675      675      0      0        0.00       0.00       0.00    -1.0000      -1   -1456.19   -1805.30 12468000.00
    676      676      0      0        0.00       0.00       0.00    -1.0000      -1   -1426.70    1512.64 14644000.00
    677      677      0      0        0.00       0.00       0.00    -1.0000      -1   -1427.69     557.47 15866000.00
    678      678      0      0        0.00       0.00       0.00    -1.0000      -1   -1425.71   -1025.28 15478000.00
    679      679      0      0        0.00       0.00       0.00    -1.0000      -1   -1417.76    -225.74 14175000.00
    680      680      0      0        0.00       0.00       0.00    -1.0000      -1   -1401.27     437.11 13889000.00
    681      681      0      0        0.00       0.00       0.00    -1.0000      -1   -1395.94     257.13 14055000.00
    682      682      0      0        0.00       0.00       0.00    -1.0000      -1   -1386.59    -601.76 15434000.00
    683      683      0      0        0.00       0.00       0.00    -1.0000      -1   -1385.60    1150.33 13106000.00
    684      684      0      0        0.00       0.00       0.00    -1.0000      -1   -1360.89   -1460.58 14482000.00
    685      685      0      0        0.00       0.00       0.00    -1.0000      -1   -1336.88    1205.96 15183000.00
    686      686      0      0        0.00       0.00       0.00    -1.0000      -1   -1328.43     319.82 14068000.00
    687      687      0      0        0.00       0.00       0.00    -1.0000      -1   -1326.09    -637.25 14521000.00
    688      688      0      0        0.00       0.00       0.00    -1.0000      -1   -1318.39    -645.21 15332000.00
    689      689      0      0        0.00       0.00       0.00    -1.0000      -1   -1288.94     234.25 12177000.00
    690      690      0      0        0.00       0.00       0.00    -1.0000      -1   -1253.69    1074.33 14587000.00
    691      691      0      0        0.00       0.00       0.00    -1.0000      -1   -1253.37     391.62 12401000.00
    692      692      0      0        0.00       0.00       0.00    -1.0000      -1   -1249.06     770.33 14877000.00
    693      693      0      0        0.00       0.00       0.00    -1.0000      -1   -1250.35    1262.44 13681000.00
    694      694      0      0        0.00       0.00       0.00    -1.0000      -1   -1247.84    1140.12 15760000.00
    695      695      0      0        0.00       0.00       0.00    -1.0000      -1   -1245.07    1397.38 14688000.00
    696      696      0      0        0.00       0.00       0.00    -1.0000      -1   -1210.51    -245.35 14004000.00
    697      697      0      0        0.00       0.00       0.00    -1.0000      -1   -1197.21     351.90 14750000.00
    698      698      0      0        0.00       0.00       0.00    -1.0000      -1   -1193.41     293.93 12315000.00
    699      699      0      0        0.00       0.00       0.00    -1.0000      -1   -1193.41     282.47 16265000.00
    700      700      0      0        0.00       0.00       0.00    -1.0000      -1   -1190.99   -1549.39 13764000.00
    701      701      0      0        0.00       0.00       0.00    -1.0000      -1   -1164.36    1177.22 13626000.00
    702      702      0      0        0.00       0.00       0.00    -1.0000      -1   -1161.25    -654.46 16572000.00
    703      703      0      0        0.00       0.00       0.00    -1.0000      -1   -1134.96    -345.28 16246000.00
    704      704      0      0        0.00       0.00       0.00    -1.0000      -1   -1126.36   -1887.76 13716000.00
    705      705      0      0        0.00       0.00       0.00    -1.0000      -1   -1095.42   -1384.92 13878000.00
    706      706      0      0        0.00       0.00       0.00    -1.0000      -1   -1045.35    3047.27 14228000.00
    707      707      0      0        0.00       0.00       0.00    -1.0000      -1   -1040.68     742.99 15314000.00
    708      708      0      0        0.00       0.00       0.00    -1.0000      -1   -1030.79    1315.11 15686000.00
    709      709      0      0        0.00       0.00       0.00    -1.0000      -1    -938.00    -565.75 15246000.00
    710      710      0      0        0.00       0.00       0.00    -1.0000      -1    -932.61     336.03 15396000.00
    711      711      0      0        0.00       0.00       0.00    -1.0000      -1    -895.51    -537.69 15188000.00
    712      712      0      0        0.00       0.00       0.00    -1.0000      -1    -885.14      79.32 15123000.00
    713      713      0      0        0.00       0.00       0.00    -1.0000      -1    -851.68    -850.28 14530000.00
    714      714      0      0        0.00       0.00       0.00    -1.0000      -1    -851.07    1238.65 15002000.00
    715      715      0      0        0.00       0.00       0.00    -1.0000      -1    -692.28     184.32 14221000.00
    716      716      0      0        0.00       0.00       0.00    -1.0000      -1    -688.11    1995.46 14825000.00
    717      717      0      0        0.00       0.00       0.00    -1.0000      -1    -646.95     141.25 15078000.00
    718      718      0      0        0.00       0.00       0.00    -1.0000      -1    -592.83     664.50 14214000.00
    719      719      0      0        0.00       0.00       0.00    -1.0000      -1    -545.51      88.23 14505000.00
    720      720      0      0        0.00       0.00       0.00    -1.0000      -1    -523.14     214.13 14531000.00
    721      721     12     12     1515.60     216.52  387242.11     0.0000       3    -499.01   -1507.94 14660000.00
    722      722     12     12     1515.60     216.52  387242.11     0.0080       3    -493.15   -1960.83 14065000.00
    723      723      0      0        0.00       0.00       0.00    -1.0000      -1    -467.62    -628.56 15484000.00
    724      724      0      0        0.00       0.00       0.00    -1.0000      -1   -2343.30    1405.63 14149000.00
    725      725      0      0        0.00       0.00       0.00    -1.0000      -1   -2018.60    1109.02 13255000.00
    726      726      0      0        0.00       0.00       0.00    -1.0000      -1    -927.48     -34.48 14411000.00
    727      727     12     12     1515.60     216.52  387242.11     0.0170       3    -441.87   -1048.83 14127000.00
    728      728     12     12     1515.60     216.52  387242.11     0.0040       3    -437.44   -2128.86 14941000.00
    729      729      0      0        0.00       0.00       0.00    -1.0000      -1    -350.87   -2558.22 14611000.00
    730      730     12     12     1515.60     216.52  387242.11     0.0080       3    -282.67   -1665.91 14014000.00
    731      731     12     12     1515.60     216.52  387242.11     0.0000       3    -241.44   -1467.50 13840000.00
    732      732      0      0        0.00       0.00       0.00    -1.0000      -1    -133.90     610.19 13831000.00
    733      733      0      0        0.00       0.00       0.00    -1.0000      -1     -36.76    1035.39 13250000.00
    734      734      0      0        0.00       0.00       0.00    -1.0000      -1      30.50    1309.83 14672000.00
    735      735      0      0        0.00       0.00       0.00    -1.0000      -1      64.25   -2321.14 13068000.00
    736      736      0      0        0.00       0.00       0.00    -1.0000      -1     608.13    1505.85 14227000.00
    737      737      0      0        0.00       0.00       0.00    -1.0000      -1     607.86    2279.66 14907000.00
    738      738      0      0        0.00       0.00       0.00    -1.0000      -1     609.13    1305.63 13095000.00
    739      739      0      0        0.00       0.00       0.00    -1.0000      -1     626.23    1573.10 15585000.00
    740      740      0      0        0.00       0.00       0.00    -1.0000      -1     691.17    1464.56 15679000.00
    741      741      0      0        0.00       0.00       0.00    -1.0000      -1     714.40    1054.65 14088000.00
    742      742      0      0        0.00       0.00       0.00    -1.0000      -1     742.14    1898.26 14488000.00
    743      743      0      0        0.00       0.00       0.00    -1.0000      -1     848.28    2556.71 14275000.00
    744      744      0      0        0.00       0.00       0.00    -1.0000      -1     883.58    2546.13 14182000.00
    745      745      0      0        0.00       0.00       0.00    -1.0000      -1    1028.73    1219.07 14061000.00
    746      746      0      0        0.00       0.00       0.00    -1.0000      -1    -301.07     786.99 15781000.00
    747      747      0      0        0.00       0.00       0.00    -1.0000      -1    -235.56     549.65 15017000.00
    748      748      0      0        0.00       0.00       0.00    -1.0000      -1     322.11    1333.81 15223000.00
    749      749      0      0        0.00       0.00       0.00    -1.0000      -1    1218.65    2165.98 15240000.00
    750      750      0      0        0.00       0.00       0.00    -1.0000      -1    1224.04    1430.85 13720000.00
    751      751      0      0        0.00       0.00       0.00    -1.0000      -1    1229.26    1747.90 15321000.00
    752      752      0      0        0.00       0.00       0.00    -1.0000      -1   -1197.82    -578.42 16257000.00
    753      753      0      0        0.00       0.00       0.00    -1.0000      -1    -897.03    -493.26 14941000.00
    754      754      0      0        0.00       0.00       0.00    -1.0000      -1   -1354.44    -316.66 13551000.00
    755      755      0      0        0.00       0.00       0.00    -1.0000      -1    -951.84    -246.42 15466000.00
    756      756      0      0        0.00       0.00       0.00    -1.0000      -1   -1384.63    -186.10 13424000.00
    757      757      0      0        0.00       0.00       0.00    -1.0000      -1   -1424.80       4.15 15344000.00
    758      758      0      0        0.00       0.00       0.00    -1.0000      -1   -1383.06      20.34 14070000.00
    759      759      0      0        0.00       0.00       0.00    -1.0000      -1   -1140.90      24.90 15134000.00
    760      760      0      0        0.00       0.00       0.00    -1.0000      -1   -1148.76      73.18 15960000.00
    761      761      0      0        0.00       0.00       0.00    -1.0000      -1    -620.93      75.72 14476000.00
    762      762      0      0        0.00       0.00       0.00    -1.0000      -1    -659.31     121.92 13778000.00
    763      763      0      0        0.00       0.00       0.00    -1.0000      -1    -730.51     184.39 15750000.00
    764      764      0      0        0.00       0.00       0.00    -1.0000      -1   -1336.85     215.41 15238000.00
    765      765      0      0        0.00       0.00       0.00    -1.0000      -1    -368.28     368.29 14201000.00
    766      766      0      0        0.00       0.00       0.00    -1.0000      -1   -1204.28     376.44 15722000.00
    767      767      0      0        0.00       0.00       0.00    -1.0000      -1   -1415.20     468.63 15153000.00
    768      768      0      0        0.00       0.00       0.00    -1.0000      -1   -1590.05     497.70 16055000.00
    769      769      0      0        0.00       0.00       0.00    -1.0000      -1   -4948.08   -1229.39 14140000.00
    770      770      0      0        0.00       0.00       0.00    -1.0000      -1   -3432.01     207.81 14957000.00
    771      771      0      0        0.00       0.00       0.00    -1.0000      -1   -3217.08     923.22 14968000.00
    772      772      0      0        0.00       0.00       0.00    -1.0000      -1   -2985.98    1141.21 13723000.00
    773      773      0      0        0.00       0.00       0.00    -1.0000      -1   -2456.74    -181.13 14564000.00
    774      774      0      0        0.00       0.00       0.00    -1.0000      -1   -2092.11     483.25 14253000.00
    775      775      0      0        0.00       0.00       0.00    -1.0000      -1   -1011.92    -207.63 15612000.00
    776      776      0      0        0.00       0.00       0.00    -1.0000      -1   -5422.87     894.03 13427000.00
    777      777      0      0        0.00       0.00       0.00    -1.0000      -1   -5368.84     894.68 12678000.00
    778      778      0      0        0.00       0.00       0.00    -1.0000      -1   -5274.96     876.08 13585000.00
    779      779      0      0        0.00       0.00       0.00    -1.0000      -1   -5226.26     -82.03 16830000.00
    780      780      0      0        0.00       0.00       0.00    -1.0000      -1   -4958.07    -548.82 15083000.00
    781      781      0      0        0.00       0.00       0.00    -1.0000      -1   -4924.48     448.28 14861000.00
    782      782      0      0        0.00       0.00       0.00    -1.0000      -1   -4815.36    -870.38 14636000.00
    783      783      0      0        0.00       0.00       0.00    -1.0000      -1   -4646.04     680.24 14358000.00
    784      784      0      0        0.00       0.00       0.00    -1.0000      -1   -4609.66    -383.34 14553000.00
    785      785     12     12     4483.18     566.34  272973.78     0.0000       2   -4595.78    -254.21 14496000.00
    786      786     12     12     4483.18     566.34  272973.78     0.0000       2   -4580.97     127.63 14219000.00
    787      787      0      0        0.00       0.00       0.00    -1.0000      -1   -4568.82    -917.49 15201000.00
    788      788     12     12     4483.18     566.34  272973.78     0.0690       2   -4553.32     162.11 14658000.00
    789      789      0      0        0.00       0.00       0.00    -1.0000      -1   -5455.15    1680.00 13615000.00
    790      790      9      9     3419.21     136.05  281908.40     0.0070       0   -3173.48   -1131.61 14543000.00
