#  idx_gal   shID  Ngali  Ngalf    Rij(kpc)  size(kpc)  sigm(km/s)  Pmin(ds)    GrNr    x(kpc)    y(kpc)   V_LOS(km/s)
      0        0     12     12     1239.18      33.71  535445.74     0.0050       6   -1457.79    -821.32 12309478.33
      1        1     12     12     1239.18      33.71  535445.74     0.0330       6    -667.75    -948.69 12855100.60
      2        2     12     12     1239.18      33.71  535445.74     0.0120       6    -779.22    -882.92 13013990.60
      3        3     12     12     1239.18      33.71  535445.74     0.0430       6    -860.01    -744.84 12312476.25
      4        4     12     12     1239.18      33.71  535445.74     0.0610       6    -478.54    -715.43 13118917.96
      5        5      0      0        0.00       0.00       0.00    -1.0000      -1    -446.74    -421.72 14090245.53
      6        6      0      0        0.00       0.00       0.00    -1.0000      -1    -560.56    -342.26 15049581.39
      7        7      0      0        0.00       0.00       0.00    -1.0000      -1    -183.82    -311.23 14252133.45
      8        8      0      0        0.00       0.00       0.00    -1.0000      -1    -553.83     -96.25 15562226.49
      9        9      0      0        0.00       0.00       0.00    -1.0000      -1    -240.72    -272.71 16191790.66
     10       10      0      0        0.00       0.00       0.00    -1.0000      -1    -427.59      87.57 16041894.43
     11       11      0      0        0.00       0.00       0.00    -1.0000      -1    -652.20      80.92 12759167.01
     12       12      0      0        0.00       0.00       0.00    -1.0000      -1    -246.82     814.05 16935275.95
     13       13     12     12     1239.18      33.71  535445.74     0.0070       6   -1426.69    -953.87 11952725.30
     14       14     12     12     1239.18      33.71  535445.74     0.0030       6   -1291.87    -818.14 12282497.00
     15       15     12     12     1239.18      33.71  535445.74     0.0210       6    -789.69    -909.50 12843108.90
     16       16     12     12     1239.18      33.71  535445.74     0.2470       6    -895.59    -607.95 13505650.23
     17       17      0      0        0.00       0.00       0.00    -1.0000      -1    -350.51    -867.65 14381044.21
     18       18     12     12     1239.18      33.71  535445.74     0.2610       6    -855.07    -513.47 13742486.27
     19       19      0      0        0.00       0.00       0.00    -1.0000      -1    -495.94    -520.16 14249135.53
     20       20      0      0        0.00       0.00       0.00    -1.0000      -1    -237.57    -650.60 14911676.86
     21       21      0      0        0.00       0.00       0.00    -1.0000      -1    -501.09    -434.25 14671842.89
     22       22      0      0        0.00       0.00       0.00    -1.0000      -1    -494.19    -310.64 16689446.14
     23       23      0      0        0.00       0.00       0.00    -1.0000      -1    -489.36    -234.33 13343762.31
     24       24      0      0        0.00       0.00       0.00    -1.0000      -1    -233.79    -231.98 15574218.19
     25       25      0      0        0.00       0.00       0.00    -1.0000      -1    -218.35    -183.38 15487278.38
     26       26      0      0        0.00       0.00       0.00    -1.0000      -1    -449.40     -43.79 15391344.79
     27       27      0      0        0.00       0.00       0.00    -1.0000      -1    -824.46     274.36 16281728.39
     28       28      0      0        0.00       0.00       0.00    -1.0000      -1    -268.56     134.36 15682143.48
     29       29      0      0        0.00       0.00       0.00    -1.0000      -1    -320.95     236.33 14473979.87
     30       30      0      0        0.00       0.00       0.00    -1.0000      -1    -175.80     265.29 15103544.03
     31       31      0      0        0.00       0.00       0.00    -1.0000      -1    -262.44     459.65 15532247.25
     32       32      0      0        0.00       0.00       0.00    -1.0000      -1    -313.67     384.57 15022600.07
     33       33     12     12     1239.18      33.71  535445.74     0.0040       6   -1250.13   -1036.94 12710000.00
     34       34      0      0        0.00       0.00       0.00    -1.0000      -1    -610.25    -205.90 14083000.00
     35       35      0      0        0.00       0.00       0.00    -1.0000      -1    -600.47    -329.17 15093000.00
     36       36     12     12     1239.18      33.71  535445.74     0.2940       6    -563.25    -427.19 13184000.00
     37       37      0      0        0.00       0.00       0.00    -1.0000      -1    -515.49    -269.69 15333000.00
     38       38      0      0        0.00       0.00       0.00    -1.0000      -1    -459.99    -796.07 13435000.00
     39       39      0      0        0.00       0.00       0.00    -1.0000      -1    -387.72     159.66 15072000.00
     40       40      0      0        0.00       0.00       0.00    -1.0000      -1    -366.82      35.92 15263000.00
     41       41      0      0        0.00       0.00       0.00    -1.0000      -1    -362.90    -589.43 14446000.00
     42       42      0      0        0.00       0.00       0.00    -1.0000      -1    -348.06    -196.66 13222000.00
     43       43      0      0        0.00       0.00       0.00    -1.0000      -1    -214.44     388.99 15226000.00
     44       44      3      3     1408.04     126.89   93564.59     0.0030       7    -188.94   -1345.41 12928000.00
     45       45      3      3     1408.04     126.89   93564.59     0.0140       7    -168.76   -1574.90 12750000.00
     46       46      0      0        0.00       0.00       0.00    -1.0000      -1    -158.11    -985.05 14157000.00
     47       47      0      0        0.00       0.00       0.00    -1.0000      -1    -149.75    -875.98 15500000.00
     48       48      0      0        0.00       0.00       0.00    -1.0000      -1    -135.36    -687.99 14685000.00
     49       49      0      0        0.00       0.00       0.00    -1.0000      -1    -106.76    -441.99 12773000.00
     50       50      0      0        0.00       0.00       0.00    -1.0000      -1     -47.31      66.96 15173000.00
     51       51      0      0        0.00       0.00       0.00    -1.0000      -1     -43.78     115.89 13821000.00
     52       52      3      3     1408.04     126.89   93564.59     0.0090       7     -42.06   -1280.91 12889000.00
     53       53      0      0        0.00       0.00       0.00    -1.0000      -1     -15.07     -76.15 13065000.00
     54       54      0      0        0.00       0.00       0.00    -1.0000      -1       9.83     249.53 14461000.00
     55       55      0      0        0.00       0.00       0.00    -1.0000      -1      20.19    1030.13 16817000.00
     56       56      0      0        0.00       0.00       0.00    -1.0000      -1      21.81    -315.28 15260000.00
     57       57      0      0        0.00       0.00       0.00    -1.0000      -1      26.15      37.83 13428000.00
     58       58     12     12      510.60      51.03  528012.88     0.0250       5      31.47     416.13 15290000.00
     59       59      0      0        0.00       0.00       0.00    -1.0000      -1      71.26     214.41 13899000.00
     60       60     12     12      510.60      51.03  528012.88     0.0070       5      97.01     352.74 14089000.00
     61       61      6      6     1683.24      97.78  188909.94     0.0020       0      97.64   -1437.71 13090000.00
     62       62      0      0        0.00       0.00       0.00    -1.0000      -1     123.10     -86.79 13467000.00
     63       63      0      0        0.00       0.00       0.00    -1.0000      -1     124.79    -215.77 15483000.00
     64       64      0      0        0.00       0.00       0.00    -1.0000      -1     123.22    -428.73 15461000.00
     65       65      0      0        0.00       0.00       0.00    -1.0000      -1     126.47    -763.62 14419000.00
     66       66      6      6     1683.24      97.78  188909.94     0.0010       0     126.65   -1561.10 12975000.00
     67       67      0      0        0.00       0.00       0.00    -1.0000      -1     140.29     -72.49 12991000.00
     68       68     12     12      510.60      51.03  528012.88     0.0760       5     137.27     264.76 15355000.00
     69       69     12     12      510.60      51.03  528012.88     0.0730       5     144.02     256.50 15209000.00
     70       70      0      0        0.00       0.00       0.00    -1.0000      -1     188.13    -736.02 15212000.00
     71       71      0      0        0.00       0.00       0.00    -1.0000      -1     208.15    -150.31 13507000.00
     72       72      0      0        0.00       0.00       0.00    -1.0000      -1     213.17    -596.39 13497000.00
     73       73      0      0        0.00       0.00       0.00    -1.0000      -1     222.44    -282.38 13907000.00
     74       74      6      6     1683.24      97.78  188909.94     0.1480       0     226.17   -1386.76 13437000.00
     75       75      0      0        0.00       0.00       0.00    -1.0000      -1     228.14    -716.27 14675000.00
     76       76      0      0        0.00       0.00       0.00    -1.0000      -1     244.79    -268.21 13324000.00
     77       77      0      0        0.00       0.00       0.00    -1.0000      -1     276.48    -318.72 13830000.00
     78       78      0      0        0.00       0.00       0.00    -1.0000      -1     284.31    -604.59 14464000.00
     79       79      6      6     1683.24      97.78  188909.94     0.0010       0     285.78   -1918.48 12963000.00
     80       80      0      0        0.00       0.00       0.00    -1.0000      -1     293.44    -425.03 13830000.00
     81       81      6      6     1683.24      97.78  188909.94     0.0010       0     292.87   -1756.02 12922000.00
     82       82      0      0        0.00       0.00       0.00    -1.0000      -1     300.20   -1002.70 13857000.00
     83       83     12     12      510.60      51.03  528012.88     0.0360       5     300.22     677.67 14688000.00
     84       84     12     12      510.60      51.03  528012.88     0.1520       5     305.86     132.02 15051000.00
     85       85      0      0        0.00       0.00       0.00    -1.0000      -1     308.48    -562.40 12428000.00
     86       86      0      0        0.00       0.00       0.00    -1.0000      -1     310.70    -502.28 14437000.00
     87       87     12     12      510.60      51.03  528012.88     0.0020       5     317.03     494.37 14377000.00
     88       88     12     12      510.60      51.03  528012.88     0.7020       5     332.56     260.11 15187000.00
     89       89      0      0        0.00       0.00       0.00    -1.0000      -1     337.49    -739.22 14769000.00
     90       90     12     12      510.60      51.03  528012.88     0.6360       5     350.77     298.52 14353000.00
     91       91      0      0        0.00       0.00       0.00    -1.0000      -1     355.53     127.84 15414000.00
     92       92      0      0        0.00       0.00       0.00    -1.0000      -1     374.23    -613.45 15676000.00
     93       93      6      6     1683.24      97.78  188909.94     0.0000       0     382.55   -1929.64 13116000.00
     94       94      0      0        0.00       0.00       0.00    -1.0000      -1     418.15    -353.92 12092000.00
     95       95      0      0        0.00       0.00       0.00    -1.0000      -1     435.55    -288.66 13231000.00
     96       96      0      0        0.00       0.00       0.00    -1.0000      -1     436.17    -103.19 13198000.00
     97       97      0      0        0.00       0.00       0.00    -1.0000      -1     432.53     920.12 15361000.00
     98       98      0      0        0.00       0.00       0.00    -1.0000      -1     461.02    -416.67 15332000.00
     99       99      0      0        0.00       0.00       0.00    -1.0000      -1     508.18    -408.44 13180000.00
    100      100      0      0        0.00       0.00       0.00    -1.0000      -1     535.96    -454.43 13608000.00
    101      101      0      0        0.00       0.00       0.00    -1.0000      -1     539.20      90.37 13756000.00
    102      102      0      0        0.00       0.00       0.00    -1.0000      -1     543.04    -358.29 13664000.00
    103      103      0      0        0.00       0.00       0.00    -1.0000      -1     563.66    -258.55 14656000.00
    104      104      0      0        0.00       0.00       0.00    -1.0000      -1     569.85     168.98 11411000.00
    105      105      0      0        0.00       0.00       0.00    -1.0000      -1     568.20    -498.75 15461000.00
    106      106      0      0        0.00       0.00       0.00    -1.0000      -1     582.00    -601.04 12446000.00
    107      107      0      0        0.00       0.00       0.00    -1.0000      -1     607.17    -420.86 14771000.00
    108      108      0      0        0.00       0.00       0.00    -1.0000      -1     612.18    -543.34 14966000.00
    109      109      0      0        0.00       0.00       0.00    -1.0000      -1     628.56      85.38 14193000.00
    110      110      0      0        0.00       0.00       0.00    -1.0000      -1     638.53    -260.07 14288000.00
    111      111      0      0        0.00       0.00       0.00    -1.0000      -1     642.74    -758.06 14674000.00
    112      112      0      0        0.00       0.00       0.00    -1.0000      -1     644.96    -652.04 13303000.00
    113      113      0      0        0.00       0.00       0.00    -1.0000      -1     647.76    -453.78 13544000.00
    114      114      0      0        0.00       0.00       0.00    -1.0000      -1     654.13     187.13 14462000.00
    115      115      6      6     1224.47      92.65  298570.87     0.2790       8     661.11     831.94 13767000.00
    116      116      0      0        0.00       0.00       0.00    -1.0000      -1     671.02    -766.61 14785000.00
    117      117     12     12      510.60      51.03  528012.88     0.5650       5     680.74     527.02 16001000.00
    118      118      0      0        0.00       0.00       0.00    -1.0000      -1     703.12   -1472.97 12916000.00
    119      119      0      0        0.00       0.00       0.00    -1.0000      -1     694.89    -624.28 12103000.00
    120      120      0      0        0.00       0.00       0.00    -1.0000      -1     702.54    -334.97 13357000.00
    121      121      0      0        0.00       0.00       0.00    -1.0000      -1     712.55    -496.58 13358000.00
    122      122      6      6     1224.47      92.65  298570.87     0.0590       8     734.09     972.77 14034000.00
    123      123      0      0        0.00       0.00       0.00    -1.0000      -1     747.88    -222.90 12249000.00
    124      124      0      0        0.00       0.00       0.00    -1.0000      -1     758.82     134.36 13627000.00
    125      125      0      0        0.00       0.00       0.00    -1.0000      -1     760.22    -629.84 13151000.00
    126      126      6      6     1224.47      92.65  298570.87     0.2300       8     766.30     622.97 14307000.00
    127      127      0      0        0.00       0.00       0.00    -1.0000      -1     815.68    -603.71 13105000.00
    128      128      0      0        0.00       0.00       0.00    -1.0000      -1     820.07    -543.39 14165000.00
    129      129      0      0        0.00       0.00       0.00    -1.0000      -1     832.46     161.90 15312000.00
    130      130      0      0        0.00       0.00       0.00    -1.0000      -1     839.39    -641.99 11544000.00
    131      131      0      0        0.00       0.00       0.00    -1.0000      -1     858.03    -133.05 15102000.00
    132      132      6      6     1224.47      92.65  298570.87     0.3400       8     858.76     462.58 14052000.00
    133      133      0      0        0.00       0.00       0.00    -1.0000      -1     890.45     145.08 14275000.00
    134      134      0      0        0.00       0.00       0.00    -1.0000      -1     910.77     148.69 13642000.00
    135      135      0      0        0.00       0.00       0.00    -1.0000      -1     894.45   -1036.10 13432000.00
    136      136      0      0        0.00       0.00       0.00    -1.0000      -1     896.59    -579.85 13175000.00
    137      137      0      0        0.00       0.00       0.00    -1.0000      -1     910.72    -215.03 13200000.00
    138      138      0      0        0.00       0.00       0.00    -1.0000      -1     955.77     334.81 14164000.00
    139      139      9      9     1440.50     408.73  252655.40     0.4100       4     991.20    -727.65 13462000.00
    140      140      0      0        0.00       0.00       0.00    -1.0000      -1     996.15    -405.45 13190000.00
    141      141      6      6     1224.47      92.65  298570.87     0.0040       8    1105.44     766.44 14222000.00
    142      142      0      0        0.00       0.00       0.00    -1.0000      -1    1111.70    -473.38 13866000.00
    143      143      9      9     1440.50     408.73  252655.40     0.0800       4    1148.94    -574.69 13431000.00
    144      144      0      0        0.00       0.00       0.00    -1.0000      -1    1158.49     147.42 15143000.00
    145      145      0      0        0.00       0.00       0.00    -1.0000      -1     308.12    -515.68 14126000.00
    146      146     12     12      510.60      51.03  528012.88     0.0260       5     482.09     635.92 14765000.00
    147      147      9      9     1440.50     408.73  252655.40     0.1050       4    1420.85    -940.86 13647000.00
    148      148      0      0        0.00       0.00       0.00    -1.0000      -1    3863.88    -344.10 15074000.00
    149      149      0      0        0.00       0.00       0.00    -1.0000      -1    1182.06    -287.68 13173000.00
    150      150      0      0        0.00       0.00       0.00    -1.0000      -1    1196.49    -427.64 14731000.00
    151      151      0      0        0.00       0.00       0.00    -1.0000      -1    1206.66    -436.98 14888000.00
    152      152      9      9     1440.50     408.73  252655.40     0.0010       4    1207.86    -888.73 13262000.00
    153      153      0      0        0.00       0.00       0.00    -1.0000      -1    1329.10    -465.44 13053000.00
    154      154      0      0        0.00       0.00       0.00    -1.0000      -1    1353.67     119.67 14635000.00
    155      155      9      9     1440.50     408.73  252655.40     0.0710       4    1365.18    -796.69 13225000.00
    156      156      0      0        0.00       0.00       0.00    -1.0000      -1    1448.00     224.91 14274000.00
    157      157      0      0        0.00       0.00       0.00    -1.0000      -1    1462.59      42.63 13252000.00
    158      158      6      6     1224.47      92.65  298570.87     0.0300       8    1493.19     926.68 14649000.00
    159      159      0      0        0.00       0.00       0.00    -1.0000      -1    1557.54    -635.05 13345000.00
    160      160      0      0        0.00       0.00       0.00    -1.0000      -1    1582.94    -748.64 15346000.00
    161      161      0      0        0.00       0.00       0.00    -1.0000      -1    1607.94    -318.57 12345000.00
    162      162      0      0        0.00       0.00       0.00    -1.0000      -1    1610.97    -565.31 13370000.00
    163      163      0      0        0.00       0.00       0.00    -1.0000      -1    1660.26    1082.94 14924000.00
    164      164      0      0        0.00       0.00       0.00    -1.0000      -1    1704.11     115.07 15067000.00
    165      165      0      0        0.00       0.00       0.00    -1.0000      -1    1719.05     626.20 15307000.00
    166      166      0      0        0.00       0.00       0.00    -1.0000      -1    1729.53     521.24 15560000.00
    167      167      0      0        0.00       0.00       0.00    -1.0000      -1    1764.31    -199.21 15200000.00
    168      168      0      0        0.00       0.00       0.00    -1.0000      -1    1789.29    -704.13 15652000.00
    169      169      0      0        0.00       0.00       0.00    -1.0000      -1    1799.03     413.00 15215000.00
    170      170      0      0        0.00       0.00       0.00    -1.0000      -1    1829.32    -324.15 15475000.00
    171      171      0      0        0.00       0.00       0.00    -1.0000      -1    1855.66    -643.94 12963000.00
    172      172      0      0        0.00       0.00       0.00    -1.0000      -1    1859.06    -569.85 14529000.00
    173      173      0      0        0.00       0.00       0.00    -1.0000      -1    1909.11    -956.66 14411000.00
    174      174      0      0        0.00       0.00       0.00    -1.0000      -1    1914.72     -92.58 15316000.00
    175      175      0      0        0.00       0.00       0.00    -1.0000      -1    1923.77    -477.55 12912000.00
    176      176      0      0        0.00       0.00       0.00    -1.0000      -1    1925.70    -568.61 14308000.00
    177      177      0      0        0.00       0.00       0.00    -1.0000      -1    1949.76    -603.62 14008000.00
    178      178      0      0        0.00       0.00       0.00    -1.0000      -1    1961.27     104.82 12320000.00
    179      179      0      0        0.00       0.00       0.00    -1.0000      -1    1964.32   -1117.82 11059000.00
    180      180      0      0        0.00       0.00       0.00    -1.0000      -1    2026.27     667.89 14602000.00
    181      181      0      0        0.00       0.00       0.00    -1.0000      -1    2039.92     243.05 15698000.00
    182      182      0      0        0.00       0.00       0.00    -1.0000      -1    2047.33    1069.11 16551000.00
    183      183      0      0        0.00       0.00       0.00    -1.0000      -1    2218.59     -13.15 14125000.00
    184      184      0      0        0.00       0.00       0.00    -1.0000      -1    2282.41     536.70 14427000.00
    185      185      0      0        0.00       0.00       0.00    -1.0000      -1    2297.56     153.69 14416000.00
    186      186      0      0        0.00       0.00       0.00    -1.0000      -1    2329.73     -76.95 14358000.00
    187      187      0      0        0.00       0.00       0.00    -1.0000      -1    2336.43    -198.08 14012000.00
    188      188      0      0        0.00       0.00       0.00    -1.0000      -1    2353.02     269.79 13580000.00
    189      189      0      0        0.00       0.00       0.00    -1.0000      -1    2397.87    -282.97 15606000.00
    190      190      0      0        0.00       0.00       0.00    -1.0000      -1    2404.66     761.18 13825000.00
    191      191      0      0        0.00       0.00       0.00    -1.0000      -1    2410.39     541.90 14435000.00
    192      192      0      0        0.00       0.00       0.00    -1.0000      -1    2447.47     -49.52 14103000.00
    193      193      0      0        0.00       0.00       0.00    -1.0000      -1    2489.71     331.48 16109000.00
    194      194      0      0        0.00       0.00       0.00    -1.0000      -1    2501.59     843.50 13087000.00
    195      195      0      0        0.00       0.00       0.00    -1.0000      -1    2500.10     572.67 13054000.00
    196      196      0      0        0.00       0.00       0.00    -1.0000      -1    2590.99     302.89 15415000.00
    197      197      6      6     2612.22      28.78  205611.93     0.0000       1    2620.55    -124.05 14993000.00
    198      198      0      0        0.00       0.00       0.00    -1.0000      -1    2625.02     126.74 15588000.00
    199      199      0      0        0.00       0.00       0.00    -1.0000      -1    2639.36     439.57 14807000.00
    200      200      0      0        0.00       0.00       0.00    -1.0000      -1    2643.02    -591.06 14165000.00
    201      201      0      0        0.00       0.00       0.00    -1.0000      -1    2656.95    -387.47 13563000.00
    202      202      6      6     2612.22      28.78  205611.93     0.0040       1    2665.38     -87.42 14657000.00
    203      203      0      0        0.00       0.00       0.00    -1.0000      -1    2673.40     607.80 15324000.00
    204      204      0      0        0.00       0.00       0.00    -1.0000      -1    2699.79      20.83 15096000.00
    205      205      0      0        0.00       0.00       0.00    -1.0000      -1    2706.73     323.32 14444000.00
    206      206      0      0        0.00       0.00       0.00    -1.0000      -1    2724.71     624.29 14083000.00
    207      207      0      0        0.00       0.00       0.00    -1.0000      -1    2728.38   -1899.84 12568000.00
    208      208      0      0        0.00       0.00       0.00    -1.0000      -1    2743.53     -58.94 14164000.00
    209      209      0      0        0.00       0.00       0.00    -1.0000      -1    2753.22     -77.70 14723000.00
    210      210      0      0        0.00       0.00       0.00    -1.0000      -1    2755.50    -907.97 15692000.00
    211      211      0      0        0.00       0.00       0.00    -1.0000      -1    2758.08    -234.81 13743000.00
    212      212      0      0        0.00       0.00       0.00    -1.0000      -1    2772.67     363.62 15318000.00
    213      213      0      0        0.00       0.00       0.00    -1.0000      -1    2773.91     384.52 15070000.00
    214      214      0      0        0.00       0.00       0.00    -1.0000      -1    2856.80     320.06 13166000.00
    215      215      0      0        0.00       0.00       0.00    -1.0000      -1    2889.30    -259.12 16180000.00
    216      216      0      0        0.00       0.00       0.00    -1.0000      -1    2900.02    -171.25 14245000.00
    217      217      0      0        0.00       0.00       0.00    -1.0000      -1    2907.73    -317.15 16160000.00
    218      218      0      0        0.00       0.00       0.00    -1.0000      -1    2940.73    -296.20 15487000.00
    219      219      0      0        0.00       0.00       0.00    -1.0000      -1    2968.92     923.29 13742000.00
    220      220      0      0        0.00       0.00       0.00    -1.0000      -1    2984.00     -79.90 14545000.00
    221      221      0      0        0.00       0.00       0.00    -1.0000      -1    3015.27   -1134.01 14570000.00
    222      222      0      0        0.00       0.00       0.00    -1.0000      -1    3028.76    -481.29 13168000.00
    223      223      0      0        0.00       0.00       0.00    -1.0000      -1    3044.62   -2009.08 12497000.00
    224      224      0      0        0.00       0.00       0.00    -1.0000      -1    3058.36     741.47 14845000.00
    225      225      0      0        0.00       0.00       0.00    -1.0000      -1    3071.52     106.97 14157000.00
    226      226      0      0        0.00       0.00       0.00    -1.0000      -1    3073.88     210.42 16240000.00
    227      227      0      0        0.00       0.00       0.00    -1.0000      -1    3104.70    -932.74 15800000.00
    228      228      0      0        0.00       0.00       0.00    -1.0000      -1    3139.67     553.42 14960000.00
    229      229      0      0        0.00       0.00       0.00    -1.0000      -1    3141.31    -780.98 14721000.00
    230      230      0      0        0.00       0.00       0.00    -1.0000      -1    3152.69    -510.14 15057000.00
    231      231      0      0        0.00       0.00       0.00    -1.0000      -1    3160.95    -237.47 14486000.00
    232      232      0      0        0.00       0.00       0.00    -1.0000      -1    3173.53    -222.78 14031000.00
    233      233      0      0        0.00       0.00       0.00    -1.0000      -1    3232.61   -1043.09 14286000.00
    234      234      0      0        0.00       0.00       0.00    -1.0000      -1    3282.55   -1427.20 12834000.00
    235      235      0      0        0.00       0.00       0.00    -1.0000      -1    3299.22    -600.42 15367000.00
    236      236      0      0        0.00       0.00       0.00    -1.0000      -1    3358.62    1230.43 13901000.00
    237      237      0      0        0.00       0.00       0.00    -1.0000      -1    3372.20    -308.38 16261000.00
    238      238      0      0        0.00       0.00       0.00    -1.0000      -1    3390.02   -1597.38 14326000.00
    239      239      0      0        0.00       0.00       0.00    -1.0000      -1    3477.95     117.23 14543000.00
    240      240      0      0        0.00       0.00       0.00    -1.0000      -1    3493.43   -1535.93 12654000.00
    241      241      0      0        0.00       0.00       0.00    -1.0000      -1    3539.67     515.03 14216000.00
    242      242      0      0        0.00       0.00       0.00    -1.0000      -1    3560.10    -132.68 11401000.00
    243      243      0      0        0.00       0.00       0.00    -1.0000      -1    3596.12     -86.42 13070000.00
    244      244      0      0        0.00       0.00       0.00    -1.0000      -1    3616.35     345.86 16425000.00
    245      245      0      0        0.00       0.00       0.00    -1.0000      -1    3628.95     707.05 14166000.00
    246      246      0      0        0.00       0.00       0.00    -1.0000      -1    3672.98    -410.53 10996000.00
    247      247      0      0        0.00       0.00       0.00    -1.0000      -1    3673.75    -529.38 14060000.00
    248      248      0      0        0.00       0.00       0.00    -1.0000      -1    3734.13    -208.23 16475000.00
    249      249      0      0        0.00       0.00       0.00    -1.0000      -1    3736.38    -112.32 14983000.00
    250      250      0      0        0.00       0.00       0.00    -1.0000      -1    3765.09    -347.56 14340000.00
    251      251      0      0        0.00       0.00       0.00    -1.0000      -1    3797.50    -505.29 14164000.00
    252      252      0      0        0.00       0.00       0.00    -1.0000      -1    3801.95    -695.18 14542000.00
    253      253      6      6     4155.38      83.91  218541.00     0.0010       2    3852.11     938.38 14415000.00
    254      254      0      0        0.00       0.00       0.00    -1.0000      -1    3865.09     -99.64 14975000.00
    255      255      0      0        0.00       0.00       0.00    -1.0000      -1    3870.85     161.35 15656000.00
    256      256      0      0        0.00       0.00       0.00    -1.0000      -1    3887.82     109.15 16257000.00
    257      257      0      0        0.00       0.00       0.00    -1.0000      -1    3918.77     181.62 14092000.00
    258      258      0      0        0.00       0.00       0.00    -1.0000      -1    3935.90      39.40 16405000.00
    259      259      0      0        0.00       0.00       0.00    -1.0000      -1    3953.80     -27.54 15189000.00
    260      260      0      0        0.00       0.00       0.00    -1.0000      -1    3974.52    -317.34 14551000.00
    261      261      0      0        0.00       0.00       0.00    -1.0000      -1    3987.09     -51.14 15319000.00
    262      262      0      0        0.00       0.00       0.00    -1.0000      -1    3992.91     155.83 14849000.00
    263      263      9      9     4479.69     112.75  325264.89     0.2710       3    4001.79    -852.31 14345000.00
    264      264      0      0        0.00       0.00       0.00    -1.0000      -1    4006.49    -521.48 15571000.00
    265      265      0      0        0.00       0.00       0.00    -1.0000      -1    4045.96    -693.74 12111000.00
    266      266      6      6     4155.38      83.91  218541.00     0.0060       2    4076.98     761.37 14642000.00
    267      267      0      0        0.00       0.00       0.00    -1.0000      -1    4093.30     296.87 13669000.00
    268      268      6      6     4155.38      83.91  218541.00     0.0010       2    4093.50     673.43 14959000.00
    269      269      6      6     4155.38      83.91  218541.00     0.0000       2    4160.18     729.26 14619000.00
    270      270      6      6     4155.38      83.91  218541.00     0.0020       2    4177.39     773.73 14807000.00
    271      271      6      6     4155.38      83.91  218541.00     0.0330       2    4184.61     353.13 14399000.00
    272      272      9      9     4479.69     112.75  325264.89     0.1700       3    4208.19    -871.65 14711000.00
    273      273      9      9     4479.69     112.75  325264.89     0.1920       3    4235.83   -1064.33 14898000.00
    274      274      0      0        0.00       0.00       0.00    -1.0000      -1    4344.01    1077.68 14037000.00
    275      275      0      0        0.00       0.00       0.00    -1.0000      -1    4361.81     133.65 14665000.00
    276      276      9      9     4479.69     112.75  325264.89     0.7300       3    4417.34    -789.05 13906000.00
    277      277      9      9     4479.69     112.75  325264.89     0.0000       3    4428.20    -926.72 14384000.00
    278      278      9      9     4479.69     112.75  325264.89     0.0000       3    4431.83   -1102.58 14980000.00
    279      279      0      0        0.00       0.00       0.00    -1.0000      -1    4451.50     120.62 12980000.00
    280      280      9      9     4479.69     112.75  325264.89     0.6490       3    4469.23    -778.58 14394000.00
    281      281      0      0        0.00       0.00       0.00    -1.0000      -1    4478.92    -479.72 11831000.00
    282      282      9      9     4479.69     112.75  325264.89     0.0020       3    4529.93    -879.77 14393000.00
    283      283      0      0        0.00       0.00       0.00    -1.0000      -1    4638.23     580.25 14150000.00
    284      284      0      0        0.00       0.00       0.00    -1.0000      -1    4676.68    -536.22 11627000.00
    285      285      0      0        0.00       0.00       0.00    -1.0000      -1    4690.95     658.84 13938000.00
    286      286      9      9     4479.69     112.75  325264.89     0.0000       3    4719.39   -1033.67 14510000.00
    287      287      0      0        0.00       0.00       0.00    -1.0000      -1    4866.32    -810.95 14272000.00
    288      288      0      0        0.00       0.00       0.00    -1.0000      -1    4888.79    -549.49 12050000.00
    289      289      0      0        0.00       0.00       0.00    -1.0000      -1    4906.14    1228.76 15837000.00
    290      290      0      0        0.00       0.00       0.00    -1.0000      -1    4989.84    -508.49 14460000.00
    291      291      0      0        0.00       0.00       0.00    -1.0000      -1    4992.74   -1777.88 14749000.00
    292      292      0      0        0.00       0.00       0.00    -1.0000      -1    5005.09    -701.37 14204000.00
    293      293      0      0        0.00       0.00       0.00    -1.0000      -1    5047.61    -462.03 12186000.00
    294      294      0      0        0.00       0.00       0.00    -1.0000      -1    5057.61    -565.22 11785000.00
    295      295      0      0        0.00       0.00       0.00    -1.0000      -1    5203.88     395.52 11981000.00
    296      296      0      0        0.00       0.00       0.00    -1.0000      -1    5219.55    -323.01 14234000.00
    297      297      0      0        0.00       0.00       0.00    -1.0000      -1    5278.41     255.85 14071000.00
    298      298      0      0        0.00       0.00       0.00    -1.0000      -1    5323.16   -1910.56 13532000.00
    299      299      0      0        0.00       0.00       0.00    -1.0000      -1    5454.06    1089.32 15290000.00
    300      300      0      0        0.00       0.00       0.00    -1.0000      -1    5624.38    -298.27 11741000.00
    301      301      0      0        0.00       0.00       0.00    -1.0000      -1    5730.41    -871.13 12951000.00
    302      302      0      0        0.00       0.00       0.00    -1.0000      -1    5749.63     355.67 14259000.00
    303      303      0      0        0.00       0.00       0.00    -1.0000      -1    5767.11    1172.77 15419000.00
    304      304      0      0        0.00       0.00       0.00    -1.0000      -1    5808.84    -371.92 15460000.00
    305      305      0      0        0.00       0.00       0.00    -1.0000      -1    5810.33    -857.58 12819000.00
    306      306      0      0        0.00       0.00       0.00    -1.0000      -1    5842.77    -467.89 11776000.00
    307      307      0      0        0.00       0.00       0.00    -1.0000      -1    2966.56    -615.62 16478000.00
    308      308      0      0        0.00       0.00       0.00    -1.0000      -1    2435.52    -607.26 14798000.00
    309      309      0      0        0.00       0.00       0.00    -1.0000      -1    2462.95    -566.85 15310000.00
    310      310      0      0        0.00       0.00       0.00    -1.0000      -1    2101.48    -426.96 15188000.00
    311      311      0      0        0.00       0.00       0.00    -1.0000      -1    3266.66    -425.56 13908000.00
    312      312      0      0        0.00       0.00       0.00    -1.0000      -1    2177.28    -320.00 16314000.00
    313      313      0      0        0.00       0.00       0.00    -1.0000      -1    3132.61    -290.70 13790000.00
    314      314      0      0        0.00       0.00       0.00    -1.0000      -1    3130.73    -279.59 13274000.00
    315      315      0      0        0.00       0.00       0.00    -1.0000      -1    2729.35    -237.97 14008000.00
    316      316      0      0        0.00       0.00       0.00    -1.0000      -1    3014.01    -234.37 15932000.00
    317      317      0      0        0.00       0.00       0.00    -1.0000      -1    2689.37    -207.23 14591000.00
    318      318      0      0        0.00       0.00       0.00    -1.0000      -1    2101.81    -201.81 12799000.00
    319      319      0      0        0.00       0.00       0.00    -1.0000      -1    2107.43    -955.51 15004000.00
    320      320      0      0        0.00       0.00       0.00    -1.0000      -1    2287.64    -186.75 15570000.00
    321      321      0      0        0.00       0.00       0.00    -1.0000      -1    2875.86    -179.74 12636000.00
    322      322      6      6     2612.22      28.78  205611.93     0.0150       1    2530.06    -175.48 14442000.00
    323      323      0      0        0.00       0.00       0.00    -1.0000      -1    2335.36    -168.08 13754000.00
    324      324      0      0        0.00       0.00       0.00    -1.0000      -1    1754.61    -150.27 13598000.00
    325      325      6      6     2612.22      28.78  205611.93     0.0000       1    2565.65    -139.04 14795000.00
    326      326      6      6     2612.22      28.78  205611.93     0.0060       1    2645.51    -102.43 14497000.00
    327      327      0      0        0.00       0.00       0.00    -1.0000      -1    2498.86     -87.70 14723000.00
    328      328      0      0        0.00       0.00       0.00    -1.0000      -1    2503.88     -74.00 15806000.00
    329      329      0      0        0.00       0.00       0.00    -1.0000      -1    2787.29     -65.61 13191000.00
    330      330      0      0        0.00       0.00       0.00    -1.0000      -1    3172.36       3.99 14854000.00
    331      331      0      0        0.00       0.00       0.00    -1.0000      -1    3043.33      14.46 15415000.00
    332      332      0      0        0.00       0.00       0.00    -1.0000      -1    2754.75      37.97 15172000.00
    333      333      0      0        0.00       0.00       0.00    -1.0000      -1    2080.22      40.03 14445000.00
    334      334      0      0        0.00       0.00       0.00    -1.0000      -1    2183.25      62.19 14979000.00
    335      335      0      0        0.00       0.00       0.00    -1.0000      -1    2651.75      98.06 13585000.00
    336      336      0      0        0.00       0.00       0.00    -1.0000      -1    2744.77     200.61 14741000.00
    337      337      0      0        0.00       0.00       0.00    -1.0000      -1    3186.85     334.35 13150000.00
    338      338      0      0        0.00       0.00       0.00    -1.0000      -1    1881.03     396.99 12626000.00
    339      339      0      0        0.00       0.00       0.00    -1.0000      -1    1977.07     428.49 15993000.00
    340      340      0      0        0.00       0.00       0.00    -1.0000      -1    3265.71     483.45 15792000.00
    341      341      0      0        0.00       0.00       0.00    -1.0000      -1    3384.43     566.68 14343000.00
    342      342      0      0        0.00       0.00       0.00    -1.0000      -1    2908.72     592.35 15299000.00
    343      343      0      0        0.00       0.00       0.00    -1.0000      -1    1837.90     633.44 15217000.00
    344      344      0      0        0.00       0.00       0.00    -1.0000      -1    2205.79    -269.97 16305000.00
    345      345      0      0        0.00       0.00       0.00    -1.0000      -1    2734.54    -579.80 13899000.00
    346      346      0      0        0.00       0.00       0.00    -1.0000      -1    2911.93    -530.11 15194000.00
    347      347      0      0        0.00       0.00       0.00    -1.0000      -1    2316.18    -381.31 14241000.00
    348      348      0      0        0.00       0.00       0.00    -1.0000      -1    3089.89    -174.56 14691000.00
    349      349      6      6     2612.22      28.78  205611.93     0.0040       1    2628.20     -96.59 14784000.00
    350      350      0      0        0.00       0.00       0.00    -1.0000      -1    1997.08     -54.24 13489000.00
    351      351      0      0        0.00       0.00       0.00    -1.0000      -1    2548.34     112.34 16052000.00
    352      352      0      0        0.00       0.00       0.00    -1.0000      -1    3191.93     228.21 13993000.00
    353      353      0      0        0.00       0.00       0.00    -1.0000      -1    2473.37     336.64 14871000.00
    354      354      0      0        0.00       0.00       0.00    -1.0000      -1    2324.89     388.28 14267000.00
    355      355      0      0        0.00       0.00       0.00    -1.0000      -1    2754.30     595.82 14545000.00
    356      356      0      0        0.00       0.00       0.00    -1.0000      -1    2997.16     554.11 11673000.00
    357      357      0      0        0.00       0.00       0.00    -1.0000      -1    -295.53    -439.45 13327000.00
    358      358      0      0        0.00       0.00       0.00    -1.0000      -1    -243.48    -317.21 12920000.00
    359      359      0      0        0.00       0.00       0.00    -1.0000      -1    -561.56    -281.59 14868000.00
    360      360      0      0        0.00       0.00       0.00    -1.0000      -1    -108.74    -119.29 14323000.00
    361      361      0      0        0.00       0.00       0.00    -1.0000      -1     208.33     -65.64 13958000.00
    362      362      0      0        0.00       0.00       0.00    -1.0000      -1    -620.76      83.48 16141000.00
    363      363      0      0        0.00       0.00       0.00    -1.0000      -1    -499.82     142.58 16159000.00
    364      364      0      0        0.00       0.00       0.00    -1.0000      -1    1447.88   -1289.61 12758000.00
    365      365      0      0        0.00       0.00       0.00    -1.0000      -1    1078.23   -1272.79 11657000.00
    366      366      0      0        0.00       0.00       0.00    -1.0000      -1     857.82   -1245.38 15375000.00
    367      367      0      0        0.00       0.00       0.00    -1.0000      -1     375.41   -1162.52 14065000.00
    368      368      0      0        0.00       0.00       0.00    -1.0000      -1     229.59   -1095.36 12000000.00
    369      369      0      0        0.00       0.00       0.00    -1.0000      -1     262.81   -1074.03 14504000.00
    370      370      0      0        0.00       0.00       0.00    -1.0000      -1     728.03   -1026.55 12937000.00
    371      371      9      9     1440.50     408.73  252655.40     0.3130       4    1018.18    -815.14 13703000.00
    372      372      0      0        0.00       0.00       0.00    -1.0000      -1    1557.44    -655.34 13601000.00
    373      373      0      0        0.00       0.00       0.00    -1.0000      -1     477.04    -632.51 13500000.00
    374      374      9      9     1440.50     408.73  252655.40     0.0670       4    1280.02    -614.95 12935000.00
    375      375      9      9     1440.50     408.73  252655.40     0.0790       4    1400.42    -613.29 13667000.00
    376      376      0      0        0.00       0.00       0.00    -1.0000      -1     819.29    -594.40 10963000.00
    377      377      9      9     1440.50     408.73  252655.40     0.0710       4    1280.40    -596.90 13274000.00
    378      378      0      0        0.00       0.00       0.00    -1.0000      -1    1777.67    -514.43 12871000.00
    379      379      0      0        0.00       0.00       0.00    -1.0000      -1    1707.51    -435.94 13590000.00
    380      380      0      0        0.00       0.00       0.00    -1.0000      -1    1743.74    -383.68 13365000.00
    381      381      0      0        0.00       0.00       0.00    -1.0000      -1     377.30    -290.96 14838000.00
    382      382      0      0        0.00       0.00       0.00    -1.0000      -1    1810.45    -276.19 12957000.00
    383      383      0      0        0.00       0.00       0.00    -1.0000      -1     965.24    -264.52 14667000.00
    384      384      0      0        0.00       0.00       0.00    -1.0000      -1     761.34    -202.86 15494000.00
    385      385      0      0        0.00       0.00       0.00    -1.0000      -1     244.70      -5.29 15005000.00
    386      386      0      0        0.00       0.00       0.00    -1.0000      -1    1565.65      70.28 11166000.00
    387      387      0      0        0.00       0.00       0.00    -1.0000      -1    1182.92      70.97 13874000.00
    388      388      0      0        0.00       0.00       0.00    -1.0000      -1    1375.02     113.15 15030000.00
    389      389     12     12      510.60      51.03  528012.88     0.6110       5     514.57     189.28 15093000.00
    390      390      0      0        0.00       0.00       0.00    -1.0000      -1     600.09     192.64 14177000.00
    391      391      0      0        0.00       0.00       0.00    -1.0000      -1    1091.18     201.41 15368000.00
    392      392      0      0        0.00       0.00       0.00    -1.0000      -1    1926.66     688.89 15610000.00
    393      393      0      0        0.00       0.00       0.00    -1.0000      -1    2620.22   -1056.79 16272000.00
    394      394      0      0        0.00       0.00       0.00    -1.0000      -1    3706.17      45.15 16277000.00
    395      395      0      0        0.00       0.00       0.00    -1.0000      -1    4779.84     919.70 14650000.00
